10.000000 2.630846e-41
10.023060 2.582851e-41
10.046170 2.535735e-41
10.069340 2.489480e-41
10.092560 2.444070e-41
10.115830 2.399490e-41
10.139160 2.355725e-41
10.162540 2.312760e-41
10.185980 2.270580e-41
10.209460 2.229170e-41
10.233010 2.188517e-41
10.256610 2.148608e-41
10.280260 2.109427e-41
10.303960 2.070962e-41
10.327720 2.033200e-41
10.351540 1.996127e-41
10.375410 1.959732e-41
10.399340 1.924002e-41
10.423320 1.888925e-41
10.447350 1.854487e-41
10.471450 1.820679e-41
10.495590 1.787489e-41
10.519800 1.754905e-41
10.544060 1.722916e-41
10.568370 1.691511e-41
10.592740 1.660679e-41
10.617170 1.630411e-41
10.641650 1.600695e-41
10.666190 1.571522e-41
10.690790 1.542881e-41
10.715440 1.514764e-41
10.740150 1.487160e-41
10.764920 1.460060e-41
10.789740 1.433455e-41
10.814620 1.407335e-41
10.839560 1.381691e-41
10.864560 1.356517e-41
10.889610 1.331802e-41
10.914720 1.307538e-41
10.939890 1.283717e-41
10.965120 1.260330e-41
10.990400 1.237371e-41
11.015750 1.214831e-41
11.041150 1.192701e-41
11.066610 1.170976e-41
11.092130 1.149648e-41
11.117710 1.128709e-41
11.143350 1.108152e-41
11.169040 1.087969e-41
11.194800 1.068156e-41
11.220620 1.048703e-41
11.246490 1.029606e-41
11.272430 1.010857e-41
11.298420 9.924510e-42
11.324470 9.743800e-42
11.350590 9.566389e-42
11.376760 9.392214e-42
11.403000 9.221219e-42
11.429290 9.053341e-42
11.455650 8.888531e-42
11.482070 8.726725e-42
11.508540 8.567868e-42
11.535080 8.411908e-42
11.561680 8.258795e-42
11.588340 8.108478e-42
11.615070 7.960902e-42
11.641850 7.816017e-42
11.668700 7.673775e-42
11.695610 7.534125e-42
11.722580 7.397029e-42
11.749610 7.262427e-42
11.776700 7.130283e-42
11.803860 7.000543e-42
11.831080 6.873180e-42
11.858360 6.748134e-42
11.885710 6.625368e-42
11.913110 6.504841e-42
11.940590 6.386512e-42
11.968120 6.270342e-42
11.995720 6.156289e-42
12.023380 6.044316e-42
12.051110 5.934383e-42
12.078900 5.826459e-42
12.106750 5.720497e-42
12.134670 5.616473e-42
12.162650 5.514344e-42
12.190700 5.414073e-42
12.218810 5.315635e-42
12.246990 5.218991e-42
12.275230 5.124107e-42
12.303540 5.030955e-42
12.331910 4.939502e-42
12.360350 4.849711e-42
12.388850 4.761560e-42
12.417420 4.675018e-42
12.446050 4.590053e-42
12.474760 4.506636e-42
12.503520 4.424737e-42
12.532360 4.344336e-42
12.561250 4.265394e-42
12.590220 4.187896e-42
12.619250 4.111811e-42
12.648350 4.037110e-42
12.677520 3.963770e-42
12.706760 3.891770e-42
12.736060 3.821079e-42
12.765430 3.751678e-42
12.794860 3.683544e-42
12.824370 3.616649e-42
12.853940 3.550971e-42
12.883580 3.486496e-42
12.913290 3.423192e-42
12.943070 3.361040e-42
12.972920 3.300025e-42
13.002830 3.240119e-42
13.032820 3.181307e-42
13.062870 3.123565e-42
13.093000 3.066873e-42
13.123190 3.011218e-42
13.153450 2.956577e-42
13.183780 2.902931e-42
13.214180 2.850262e-42
13.244660 2.798551e-42
13.275200 2.747787e-42
13.305810 2.697944e-42
13.336490 2.649010e-42
13.367250 2.600969e-42
13.398070 2.553802e-42
13.428970 2.507498e-42
13.459940 2.462034e-42
13.490980 2.417400e-42
13.522090 2.373578e-42
13.553270 2.330556e-42
13.584520 2.288319e-42
13.615850 2.246851e-42
13.647250 2.206137e-42
13.678720 2.166166e-42
13.710260 2.126925e-42
13.741880 2.088398e-42
13.773560 2.050575e-42
13.805330 2.013439e-42
13.837160 1.976982e-42
13.869070 1.941187e-42
13.901050 1.906048e-42
13.933110 1.871547e-42
13.965240 1.837678e-42
13.997440 1.804425e-42
14.029720 1.771779e-42
14.062070 1.739727e-42
14.094500 1.708262e-42
14.127000 1.677369e-42
14.159580 1.647041e-42
14.192230 1.617267e-42
14.224960 1.588036e-42
14.257760 1.559339e-42
14.290640 1.531166e-42
14.323590 1.503508e-42
14.356620 1.476354e-42
14.389730 1.449698e-42
14.422910 1.423528e-42
14.456170 1.397838e-42
14.489510 1.372616e-42
14.522920 1.347856e-42
14.556410 1.323551e-42
14.589980 1.299689e-42
14.623620 1.276267e-42
14.657350 1.253274e-42
14.691150 1.230702e-42
14.725020 1.208544e-42
14.758980 1.186795e-42
14.793020 1.165443e-42
14.827130 1.144487e-42
14.861320 1.123916e-42
14.895590 1.103725e-42
14.929940 1.083906e-42
14.964370 1.064454e-42
14.998870 1.045363e-42
15.033460 1.026627e-42
15.068130 1.008239e-42
15.102880 9.901930e-43
15.137700 9.724845e-43
15.172610 9.551077e-43
15.207600 9.380573e-43
15.242670 9.213283e-43
15.277820 9.049161e-43
15.313050 8.888158e-43
15.348360 8.730228e-43
15.383760 8.575334e-43
15.419230 8.423433e-43
15.454790 8.274488e-43
15.490430 8.128467e-43
15.526150 7.985338e-43
15.561950 7.845075e-43
15.597840 7.707657e-43
15.633810 7.573065e-43
15.669860 7.441288e-43
15.705990 7.312319e-43
15.742210 7.186161e-43
15.778510 7.062826e-43
15.814900 6.942336e-43
15.851370 6.824724e-43
15.887920 6.710046e-43
15.924560 6.598370e-43
15.961280 6.489793e-43
15.998090 6.384443e-43
16.034980 6.282487e-43
16.071950 6.184146e-43
16.109020 6.089706e-43
16.146160 5.999543e-43
16.183400 5.914159e-43
16.220720 5.834216e-43
16.258120 5.760613e-43
16.295610 5.694578e-43
16.333190 5.637823e-43
16.370850 5.592786e-43
16.408610 5.563021e-43
16.446450 5.553868e-43
16.484370 5.573648e-43
16.522380 5.635882e-43
16.560480 5.763752e-43
16.598670 5.999746e-43
16.636950 6.428760e-43
16.675310 7.241416e-43
16.713770 8.943330e-43
16.752310 1.327563e-42
16.790940 2.997874e-42
16.829660 2.984068e-41
16.868470 1.503862e-41
16.907370 2.382377e-42
16.946360 1.132779e-42
16.985440 7.682423e-43
17.024600 6.116510e-43
17.063860 5.284890e-43
17.103210 4.777349e-43
17.142650 4.434885e-43
17.182180 4.185449e-43
17.221810 3.992572e-43
17.261520 3.836192e-43
17.301320 3.704538e-43
17.341220 3.590337e-43
17.381210 3.488892e-43
17.421290 3.397065e-43
17.461470 3.312691e-43
17.501730 3.234234e-43
17.542090 3.160586e-43
17.582540 3.090920e-43
17.623090 3.024615e-43
17.663730 2.961195e-43
17.704460 2.900289e-43
17.745290 2.841603e-43
17.786210 2.784901e-43
17.827220 2.729992e-43
17.868330 2.676719e-43
17.909540 2.624952e-43
17.950840 2.574582e-43
17.992230 2.525516e-43
18.033720 2.477673e-43
18.075310 2.430986e-43
18.116990 2.385395e-43
18.158770 2.340847e-43
18.200640 2.297294e-43
18.242610 2.254698e-43
18.284680 2.213018e-43
18.326840 2.172220e-43
18.369110 2.132276e-43
18.411470 2.093154e-43
18.453920 2.054831e-43
18.496480 2.017282e-43
18.539130 1.980482e-43
18.581880 1.944413e-43
18.624730 1.909054e-43
18.667680 1.874386e-43
18.710730 1.840392e-43
18.753880 1.807055e-43
18.797120 1.774358e-43
18.840470 1.742288e-43
18.883910 1.710827e-43
18.927460 1.679965e-43
18.971110 1.649686e-43
19.014860 1.619978e-43
19.058700 1.590828e-43
19.102650 1.562226e-43
19.146700 1.534157e-43
19.190860 1.506612e-43
19.235110 1.479579e-43
19.279470 1.453049e-43
19.323930 1.427011e-43
19.368490 1.401454e-43
19.413150 1.376370e-43
19.457920 1.351748e-43
19.502790 1.327581e-43
19.547760 1.303857e-43
19.592840 1.280570e-43
19.638020 1.257709e-43
19.683310 1.235268e-43
19.728690 1.213238e-43
19.774190 1.191611e-43
19.819790 1.170380e-43
19.865490 1.149535e-43
19.911300 1.129072e-43
19.957220 1.108981e-43
20.003240 1.089256e-43
20.049370 1.069890e-43
20.095600 1.050877e-43
20.141940 1.032210e-43
20.188390 1.013881e-43
20.234940 9.958853e-44
20.281610 9.782163e-44
20.328380 9.608673e-44
20.375250 9.438333e-44
20.422240 9.271081e-44
20.469330 9.106851e-44
20.516540 8.945596e-44
20.563850 8.787258e-44
20.611270 8.631785e-44
20.658800 8.479121e-44
20.706440 8.329221e-44
20.754190 8.182020e-44
20.802040 8.037480e-44
20.850010 7.895549e-44
20.898100 7.756175e-44
20.946290 7.619317e-44
20.994590 7.484930e-44
21.043000 7.352959e-44
21.091530 7.223366e-44
21.140160 7.096107e-44
21.188910 6.971142e-44
21.237780 6.848422e-44
21.286750 6.727913e-44
21.335840 6.609568e-44
21.385040 6.493349e-44
21.434350 6.379226e-44
21.483780 6.267147e-44
21.533320 6.157083e-44
21.582980 6.048998e-44
21.632750 5.942849e-44
21.682630 5.838607e-44
21.732630 5.736236e-44
21.782750 5.635700e-44
21.832980 5.536967e-44
21.883330 5.440001e-44
21.933790 5.344775e-44
21.984370 5.251256e-44
22.035070 5.159412e-44
22.085880 5.069212e-44
22.136810 4.980623e-44
22.187860 4.893625e-44
22.239020 4.808179e-44
22.290310 4.724267e-44
22.341710 4.641849e-44
22.393230 4.560907e-44
22.444870 4.481414e-44
22.496630 4.403337e-44
22.548500 4.326658e-44
22.600500 4.251345e-44
22.652620 4.177380e-44
22.704850 4.104733e-44
22.757210 4.033381e-44
22.809690 3.963305e-44
22.862290 3.894477e-44
22.915010 3.826875e-44
22.967850 3.760477e-44
23.020820 3.695264e-44
23.073900 3.631212e-44
23.127110 3.568302e-44
23.180440 3.506511e-44
23.233900 3.445820e-44
23.287470 3.386211e-44
23.341170 3.327658e-44
23.395000 3.270148e-44
23.448950 3.213662e-44
23.503020 3.158177e-44
23.557220 3.103682e-44
23.611540 3.050150e-44
23.665990 2.997573e-44
23.720570 2.945929e-44
23.775270 2.895198e-44
23.830090 2.845372e-44
23.885040 2.796427e-44
23.940120 2.748351e-44
23.995330 2.701125e-44
24.050660 2.654736e-44
24.106120 2.609171e-44
24.161710 2.564411e-44
24.217430 2.520445e-44
24.273280 2.477259e-44
24.329250 2.434833e-44
24.385350 2.393159e-44
24.441590 2.352223e-44
24.497950 2.312011e-44
24.554440 2.272511e-44
24.611060 2.233707e-44
24.667820 2.195586e-44
24.724700 2.158140e-44
24.781720 2.121357e-44
24.838860 2.085223e-44
24.896140 2.049725e-44
24.953550 2.014852e-44
25.011100 1.980595e-44
25.068770 1.946940e-44
25.126580 1.913879e-44
25.184520 1.881402e-44
25.242600 1.849494e-44
25.300810 1.818148e-44
25.359150 1.787355e-44
25.417630 1.757104e-44
25.476240 1.727382e-44
25.534990 1.698184e-44
25.593880 1.669499e-44
25.652900 1.641317e-44
25.712050 1.613632e-44
25.771340 1.586431e-44
25.830770 1.559706e-44
25.890340 1.533451e-44
25.950040 1.507657e-44
26.009880 1.482314e-44
26.069860 1.457414e-44
26.129980 1.432953e-44
26.190230 1.408917e-44
26.250630 1.385303e-44
26.311160 1.362101e-44
26.371840 1.339306e-44
26.432650 1.316910e-44
26.493600 1.294903e-44
26.554700 1.273282e-44
26.615930 1.252038e-44
26.677310 1.231166e-44
26.738830 1.210656e-44
26.800490 1.190504e-44
26.862290 1.170702e-44
26.924240 1.151247e-44
26.986320 1.132130e-44
27.048550 1.113346e-44
27.110930 1.094890e-44
27.173450 1.076753e-44
27.236110 1.058932e-44
27.298920 1.041420e-44
27.361870 1.024213e-44
27.424960 1.007305e-44
27.488210 9.906898e-45
27.551590 9.743629e-45
27.615130 9.583190e-45
27.678810 9.425532e-45
27.742640 9.270605e-45
27.806610 9.118359e-45
27.870730 8.968749e-45
27.935000 8.821727e-45
27.999420 8.677247e-45
28.063990 8.535264e-45
28.128700 8.395733e-45
28.193570 8.258609e-45
28.258580 8.123853e-45
28.323750 7.991421e-45
28.389060 7.861273e-45
28.454530 7.733366e-45
28.520140 7.607663e-45
28.585910 7.484124e-45
28.651830 7.362709e-45
28.717900 7.243384e-45
28.784130 7.126108e-45
28.850500 7.010847e-45
28.917030 6.897565e-45
28.983720 6.786227e-45
29.050550 6.676799e-45
29.117540 6.569245e-45
29.184690 6.463536e-45
29.251990 6.359635e-45
29.319440 6.257514e-45
29.387050 6.157139e-45
29.454820 6.058480e-45
29.522740 5.961506e-45
29.590820 5.866189e-45
29.659060 5.772498e-45
29.727450 5.680405e-45
29.796010 5.589883e-45
29.864720 5.500901e-45
29.933580 5.413437e-45
30.002610 5.327458e-45
30.071800 5.242945e-45
30.141140 5.159865e-45
30.210650 5.078199e-45
30.280320 4.997917e-45
30.350140 4.918998e-45
30.420130 4.841418e-45
30.490280 4.765152e-45
30.560590 4.690177e-45
30.631060 4.616471e-45
30.701700 4.544012e-45
30.772500 4.472778e-45
30.843460 4.402747e-45
30.914580 4.333898e-45
30.985870 4.266211e-45
31.057330 4.199665e-45
31.128940 4.134239e-45
31.200730 4.069917e-45
31.272680 4.006675e-45
31.344790 3.944497e-45
31.417070 3.883364e-45
31.489520 3.823257e-45
31.562140 3.764159e-45
31.634920 3.706052e-45
31.707870 3.648919e-45
31.780990 3.592742e-45
31.854280 3.537505e-45
31.927730 3.483192e-45
32.001360 3.429787e-45
32.075150 3.377272e-45
32.149120 3.325635e-45
32.223250 3.274859e-45
32.297560 3.224927e-45
32.372040 3.175827e-45
32.446690 3.127545e-45
32.521510 3.080065e-45
32.596510 3.033373e-45
32.671670 2.987458e-45
32.747010 2.942303e-45
32.822530 2.897896e-45
32.898220 2.854225e-45
32.974080 2.811276e-45
33.050120 2.769038e-45
33.126330 2.727498e-45
33.202730 2.686643e-45
33.279290 2.646463e-45
33.356030 2.606943e-45
33.432950 2.568075e-45
33.510050 2.529848e-45
33.587320 2.492247e-45
33.664780 2.455265e-45
33.742410 2.418891e-45
33.820220 2.383111e-45
33.898210 2.347920e-45
33.976380 2.313303e-45
34.054730 2.279254e-45
34.133260 2.245761e-45
34.211970 2.212814e-45
34.290860 2.180405e-45
34.369940 2.148525e-45
34.449190 2.117164e-45
34.528630 2.086313e-45
34.608260 2.055964e-45
34.688060 2.026108e-45
34.768050 1.996736e-45
34.848230 1.967841e-45
34.928590 1.939413e-45
35.009140 1.911446e-45
35.089870 1.883932e-45
35.170790 1.856861e-45
35.251890 1.830228e-45
35.333180 1.804024e-45
35.414660 1.778241e-45
35.496320 1.752874e-45
35.578180 1.727915e-45
35.660220 1.703357e-45
35.742460 1.679193e-45
35.824880 1.655417e-45
35.907490 1.632021e-45
35.990290 1.608999e-45
36.073290 1.586346e-45
36.156470 1.564054e-45
36.239850 1.542118e-45
36.323420 1.520531e-45
36.407180 1.499289e-45
36.491140 1.478384e-45
36.575290 1.457811e-45
36.659630 1.437565e-45
36.744170 1.417640e-45
36.828900 1.398030e-45
36.913830 1.378730e-45
36.998950 1.359736e-45
37.084270 1.341042e-45
37.169790 1.322642e-45
37.255500 1.304533e-45
37.341410 1.286709e-45
37.427520 1.269164e-45
37.513830 1.251895e-45
37.600340 1.234898e-45
37.687040 1.218166e-45
37.773950 1.201696e-45
37.861060 1.185484e-45
37.948370 1.169525e-45
38.035870 1.153816e-45
38.123580 1.138350e-45
38.211500 1.123126e-45
38.299610 1.108138e-45
38.387930 1.093384e-45
38.476460 1.078858e-45
38.565180 1.064557e-45
38.654110 1.050477e-45
38.743250 1.036615e-45
38.832590 1.022967e-45
38.922140 1.009530e-45
39.011900 9.963000e-46
39.101860 9.832727e-46
39.192030 9.704465e-46
39.282400 9.578165e-46
39.372990 9.453805e-46
39.463790 9.331351e-46
39.554790 9.210770e-46
39.646000 9.092028e-46
39.737430 8.975093e-46
39.829060 8.859945e-46
39.920910 8.746552e-46
40.012970 8.634882e-46
40.105240 8.524905e-46
40.197720 8.416596e-46
40.290410 8.309925e-46
40.383320 8.204873e-46
40.476450 8.101407e-46
40.569790 7.999496e-46
40.663340 7.899124e-46
40.757110 7.800262e-46
40.851100 7.702890e-46
40.945300 7.606972e-46
41.039720 7.512500e-46
41.134360 7.419435e-46
41.229220 7.327768e-46
41.324290 7.237467e-46
41.419580 7.148511e-46
41.515100 7.060882e-46
41.610830 6.974554e-46
41.706790 6.889507e-46
41.802960 6.805728e-46
41.899360 6.723182e-46
41.995980 6.641862e-46
42.092820 6.561743e-46
42.189890 6.482803e-46
42.287180 6.405030e-46
42.384700 6.328399e-46
42.482440 6.252895e-46
42.580400 6.178501e-46
42.678590 6.105194e-46
42.777010 6.032963e-46
42.875650 5.961782e-46
42.974520 5.891645e-46
43.073620 5.822526e-46
43.172950 5.754414e-46
43.272510 5.687295e-46
43.372300 5.621148e-46
43.472310 5.555958e-46
43.572560 5.491711e-46
43.673040 5.428397e-46
43.773750 5.365992e-46
43.874690 5.304486e-46
43.975870 5.243866e-46
44.077280 5.184119e-46
44.178920 5.125230e-46
44.280790 5.067181e-46
44.382910 5.009965e-46
44.485250 4.953562e-46
44.587840 4.897967e-46
44.690660 4.843164e-46
44.793710 4.789143e-46
44.897010 4.735886e-46
45.000540 4.683385e-46
45.104310 4.631625e-46
45.208320 4.580602e-46
45.312580 4.530295e-46
45.417070 4.480698e-46
45.521800 4.431800e-46
45.626770 4.383592e-46
45.731990 4.336057e-46
45.837450 4.289190e-46
45.943150 4.242978e-46
46.049090 4.197413e-46
46.155280 4.152482e-46
46.261720 4.108178e-46
46.368400 4.064490e-46
46.475320 4.021409e-46
46.582490 3.978928e-46
46.689910 3.937034e-46
46.797580 3.895717e-46
46.905500 3.854971e-46
47.013660 3.814787e-46
47.122080 3.775160e-46
47.230740 3.736071e-46
47.339650 3.697525e-46
47.448820 3.659504e-46
47.558240 3.622003e-46
47.667910 3.585017e-46
47.777830 3.548533e-46
47.888000 3.512547e-46
47.998440 3.477050e-46
48.109120 3.442034e-46
48.220060 3.407494e-46
48.331250 3.373423e-46
48.442710 3.339811e-46
48.554420 3.306655e-46
48.666380 3.273943e-46
48.778610 3.241671e-46
48.891090 3.209834e-46
49.003840 3.178422e-46
49.116840 3.147434e-46
49.230100 3.116860e-46
49.343630 3.086694e-46
49.457410 3.056931e-46
49.571460 3.027562e-46
49.685780 2.998584e-46
49.800350 2.969990e-46
49.915190 2.941777e-46
50.030300 2.913938e-46
50.145670 2.886465e-46
50.261300 2.859356e-46
50.377210 2.832603e-46
50.493380 2.806201e-46
50.609810 2.780146e-46
50.726520 2.754435e-46
50.843500 2.729058e-46
50.960740 2.704015e-46
51.078260 2.679298e-46
51.196040 2.654902e-46
51.314100 2.630826e-46
51.432430 2.607062e-46
51.551040 2.583606e-46
51.669920 2.560454e-46
51.789070 2.537601e-46
51.908490 2.515044e-46
52.028190 2.492777e-46
52.148170 2.470800e-46
52.268430 2.449103e-46
52.388960 2.427685e-46
52.509770 2.406541e-46
52.630850 2.385669e-46
52.752220 2.365063e-46
52.873870 2.344720e-46
52.995800 2.324640e-46
53.118000 2.304813e-46
53.240500 2.285237e-46
53.363270 2.265910e-46
53.486320 2.246827e-46
53.609660 2.227989e-46
53.733290 2.209385e-46
53.857200 2.191019e-46
53.981390 2.172882e-46
54.105870 2.154977e-46
54.230640 2.137295e-46
54.355700 2.119834e-46
54.481040 2.102593e-46
54.606680 2.085566e-46
54.732600 2.068753e-46
54.858810 2.052151e-46
54.985320 2.035755e-46
55.112120 2.019565e-46
55.239200 2.003572e-46
55.366590 1.987781e-46
55.494260 1.972185e-46
55.622230 1.956781e-46
55.750500 1.941569e-46
55.879060 1.926544e-46
56.007920 1.911704e-46
56.137070 1.897049e-46
56.266520 1.882573e-46
56.396280 1.868273e-46
56.526320 1.854151e-46
56.656670 1.840201e-46
56.787330 1.826423e-46
56.918280 1.812812e-46
57.049530 1.799367e-46
57.181090 1.786085e-46
57.312950 1.772967e-46
57.445110 1.760008e-46
57.577580 1.747205e-46
57.710360 1.734557e-46
57.843440 1.722066e-46
57.976820 1.709724e-46
58.110520 1.697530e-46
58.244520 1.685484e-46
58.378830 1.673585e-46
58.513460 1.661828e-46
58.648390 1.650213e-46
58.783630 1.638735e-46
58.919190 1.627398e-46
59.055060 1.616196e-46
59.191240 1.605129e-46
59.327730 1.594194e-46
59.464540 1.583389e-46
59.601670 1.572714e-46
59.739110 1.562168e-46
59.876870 1.551744e-46
60.014950 1.541446e-46
60.153340 1.531270e-46
60.292050 1.521216e-46
60.431090 1.511282e-46
60.570440 1.501463e-46
60.710120 1.491762e-46
60.850120 1.482177e-46
60.990440 1.472704e-46
61.131080 1.463345e-46
61.272050 1.454094e-46
61.413340 1.444953e-46
61.554970 1.435920e-46
61.696910 1.426993e-46
61.839190 1.418171e-46
61.981790 1.409453e-46
62.124720 1.400838e-46
62.267980 1.392324e-46
62.411570 1.383910e-46
62.555490 1.375596e-46
62.699740 1.367377e-46
62.844330 1.359255e-46
62.989250 1.351227e-46
63.134500 1.343295e-46
63.280090 1.335455e-46
63.426010 1.327708e-46
63.572270 1.320049e-46
63.718870 1.312482e-46
63.865810 1.305000e-46
64.013090 1.297608e-46
64.160700 1.290301e-46
64.308660 1.283080e-46
64.456950 1.275940e-46
64.605590 1.268885e-46
64.754570 1.261913e-46
64.903890 1.255021e-46
65.053560 1.248210e-46
65.203580 1.241477e-46
65.353940 1.234823e-46
65.504640 1.228247e-46
65.655700 1.221746e-46
65.807100 1.215321e-46
65.958850 1.208971e-46
66.110950 1.202694e-46
66.263410 1.196488e-46
66.416210 1.190357e-46
66.569370 1.184295e-46
66.722880 1.178306e-46
66.876740 1.172382e-46
67.030960 1.166530e-46
67.185530 1.160746e-46
67.340460 1.155027e-46
67.495750 1.149377e-46
67.651390 1.143790e-46
67.807400 1.138269e-46
67.963760 1.132811e-46
68.120490 1.127417e-46
68.277580 1.122087e-46
68.435020 1.116818e-46
68.592840 1.111610e-46
68.751010 1.106462e-46
68.909550 1.101373e-46
69.068460 1.096345e-46
69.227730 1.091373e-46
69.387370 1.086462e-46
69.547380 1.081606e-46
69.707760 1.076807e-46
69.868500 1.072064e-46
70.029620 1.067376e-46
70.191110 1.062742e-46
70.352970 1.058164e-46
70.515200 1.053637e-46
70.677810 1.049164e-46
70.840790 1.044744e-46
71.004150 1.040376e-46
71.167890 1.036057e-46
71.332000 1.031791e-46
71.496500 1.027573e-46
71.661370 1.023405e-46
71.826620 1.019286e-46
71.992250 1.015217e-46
72.158270 1.011195e-46
72.324660 1.007221e-46
72.491450 1.003293e-46
72.658610 9.994109e-47
72.826160 9.955753e-47
72.994100 9.917853e-47
73.162430 9.880402e-47
73.331140 9.843396e-47
73.500240 9.806830e-47
73.669730 9.770700e-47
73.839620 9.735001e-47
74.009890 9.699729e-47
74.180560 9.664880e-47
74.351620 9.630449e-47
74.523070 9.596430e-47
74.694920 9.562822e-47
74.867170 9.529618e-47
75.039820 9.496814e-47
75.212860 9.464408e-47
75.386300 9.432395e-47
75.560140 9.400772e-47
75.734380 9.369533e-47
75.909030 9.338677e-47
76.084070 9.308197e-47
76.259520 9.278091e-47
76.435380 9.248355e-47
76.611640 9.218986e-47
76.788310 9.189979e-47
76.965380 9.161333e-47
77.142870 9.133040e-47
77.320760 9.105100e-47
77.499060 9.077510e-47
77.677770 9.050265e-47
77.856900 9.023362e-47
78.036440 8.996798e-47
78.216390 8.970568e-47
78.396760 8.944671e-47
78.577540 8.919104e-47
78.758740 8.893863e-47
78.940360 8.868944e-47
79.122400 8.844345e-47
79.304850 8.820065e-47
79.487730 8.796097e-47
79.671030 8.772441e-47
79.854750 8.749092e-47
80.038900 8.726050e-47
80.223470 8.703310e-47
80.408460 8.680869e-47
80.593890 8.658725e-47
80.779740 8.636875e-47
80.966020 8.615318e-47
81.152720 8.594050e-47
81.339860 8.573067e-47
81.527430 8.552369e-47
81.715440 8.531953e-47
81.903870 8.511815e-47
82.092740 8.491952e-47
82.282050 8.472365e-47
82.471790 8.453050e-47
82.661970 8.434003e-47
82.852590 8.415224e-47
83.043650 8.396707e-47
83.235150 8.378455e-47
83.427090 8.360462e-47
83.619470 8.342727e-47
83.812300 8.325247e-47
84.005570 8.308022e-47
84.199290 8.291046e-47
84.393460 8.274320e-47
84.588070 8.257842e-47
84.783130 8.241609e-47
84.978640 8.225619e-47
85.174600 8.209871e-47
85.371010 8.194361e-47
85.567880 8.179088e-47
85.765200 8.164051e-47
85.962980 8.149247e-47
86.161210 8.134674e-47
86.359890 8.120331e-47
86.559040 8.106217e-47
86.758650 8.092328e-47
86.958710 8.078664e-47
87.159240 8.065222e-47
87.360230 8.052001e-47
87.561680 8.038998e-47
87.763600 8.026214e-47
87.965990 8.013646e-47
88.168840 8.001290e-47
88.372150 7.989147e-47
88.575940 7.977217e-47
88.780200 7.965495e-47
88.984930 7.953980e-47
89.190120 7.942672e-47
89.395800 7.931570e-47
89.601950 7.920669e-47
89.808570 7.909971e-47
90.015670 7.899473e-47
90.223240 7.889174e-47
90.431300 7.879073e-47
90.639840 7.869168e-47
90.848850 7.859457e-47
91.058350 7.849939e-47
91.268330 7.840614e-47
91.478800 7.831480e-47
91.689750 7.822534e-47
91.901180 7.813777e-47
92.113110 7.805207e-47
92.325520 7.796821e-47
92.538430 7.788622e-47
92.751820 7.780604e-47
92.965710 7.772769e-47
93.180090 7.765115e-47
93.394960 7.757639e-47
93.610330 7.750343e-47
93.826200 7.743224e-47
94.042560 7.736281e-47
94.259420 7.729513e-47
94.476790 7.722919e-47
94.694650 7.716496e-47
94.913020 7.710248e-47
95.131890 7.704170e-47
95.351260 7.698260e-47
95.571140 7.692520e-47
95.791530 7.686948e-47
96.012430 7.681543e-47
96.233830 7.676302e-47
96.455750 7.671227e-47
96.678170 7.666316e-47
96.901120 7.661567e-47
97.124570 7.656982e-47
97.348540 7.652556e-47
97.573030 7.648291e-47
97.798030 7.644185e-47
98.023550 7.640239e-47
98.249600 7.636448e-47
98.476160 7.632814e-47
98.703250 7.629338e-47
98.930860 7.626017e-47
99.158990 7.622849e-47
99.387650 7.619836e-47
99.616840 7.616974e-47
99.846560 7.614264e-47
100.076800 7.611706e-47
100.307600 7.609298e-47
100.538900 7.607041e-47
100.770700 7.604932e-47
101.003100 7.602970e-47
101.236000 7.601158e-47
101.469500 7.599491e-47
101.703500 7.597971e-47
101.938000 7.596595e-47
102.173100 7.595367e-47
102.408700 7.594281e-47
102.644800 7.593340e-47
102.881500 7.592540e-47
103.118800 7.591883e-47
103.356600 7.591369e-47
103.594900 7.590994e-47
103.833800 7.590760e-47
104.073300 7.590668e-47
104.313200 7.590713e-47
104.553800 7.590898e-47
104.794900 7.591220e-47
105.036600 7.591682e-47
105.278800 7.592280e-47
105.521500 7.593014e-47
105.764900 7.593885e-47
106.008800 7.594891e-47
106.253200 7.596032e-47
106.498200 7.597310e-47
106.743800 7.598720e-47
106.990000 7.600263e-47
107.236700 7.601941e-47
107.484000 7.603751e-47
107.731800 7.605694e-47
107.980300 7.607768e-47
108.229300 7.609975e-47
108.478900 7.612311e-47
108.729000 7.614779e-47
108.979700 7.617378e-47
109.231000 7.620106e-47
109.482900 7.622963e-47
109.735400 7.625949e-47
109.988500 7.629065e-47
110.242100 7.632308e-47
110.496300 7.635680e-47
110.751100 7.639180e-47
111.006500 7.642805e-47
111.262500 7.646560e-47
111.519100 7.650439e-47
111.776200 7.654446e-47
112.034000 7.658579e-47
112.292300 7.662838e-47
112.551300 7.667221e-47
112.810800 7.671731e-47
113.071000 7.676365e-47
113.331700 7.681124e-47
113.593100 7.686006e-47
113.855000 7.691013e-47
114.117500 7.696142e-47
114.380700 7.701398e-47
114.644500 7.706775e-47
114.908800 7.712275e-47
115.173800 7.717898e-47
115.439400 7.723645e-47
115.705600 7.729513e-47
115.972400 7.735505e-47
116.239900 7.741617e-47
116.507900 7.747851e-47
116.776600 7.754208e-47
117.045900 7.760685e-47
117.315800 7.767285e-47
117.586300 7.774004e-47
117.857500 7.780845e-47
118.129200 7.787807e-47
118.401700 7.794887e-47
118.674700 7.802090e-47
118.948400 7.809414e-47
119.222700 7.816857e-47
119.497600 7.824420e-47
119.773100 7.832103e-47
120.049300 7.839905e-47
120.326200 7.847828e-47
120.603700 7.855871e-47
120.881800 7.864031e-47
121.160500 7.872312e-47
121.439900 7.880713e-47
121.720000 7.889232e-47
122.000600 7.897872e-47
122.282000 7.906628e-47
122.564000 7.915504e-47
122.846600 7.924500e-47
123.129900 7.933615e-47
123.413800 7.942849e-47
123.698400 7.952200e-47
123.983700 7.961672e-47
124.269600 7.971261e-47
124.556100 7.980969e-47
124.843400 7.990796e-47
125.131200 8.000741e-47
125.419800 8.010805e-47
125.709000 8.020986e-47
125.998900 8.031287e-47
126.289500 8.041708e-47
126.580700 8.052246e-47
126.872600 8.062903e-47
127.165100 8.073678e-47
127.458400 8.084572e-47
127.752300 8.095585e-47
128.046900 8.106715e-47
128.342200 8.117967e-47
128.638100 8.129336e-47
128.934800 8.140823e-47
129.232100 8.152429e-47
129.530100 8.164154e-47
129.828800 8.175999e-47
130.128200 8.187962e-47
130.428300 8.200045e-47
130.729100 8.212245e-47
131.030500 8.224567e-47
131.332700 8.237007e-47
131.635500 8.249566e-47
131.939100 8.262245e-47
132.243300 8.275044e-47
132.548300 8.287961e-47
132.853900 8.300999e-47
133.160300 8.314157e-47
133.467400 8.327435e-47
133.775100 8.340833e-47
134.083600 8.354351e-47
134.392800 8.367990e-47
134.702800 8.381749e-47
135.013400 8.395628e-47
135.324700 8.409629e-47
135.636800 8.423750e-47
135.949600 8.437991e-47
136.263100 8.452355e-47
136.577300 8.466839e-47
136.892200 8.481447e-47
137.207900 8.496173e-47
137.524300 8.511024e-47
137.841400 8.525996e-47
138.159300 8.541090e-47
138.477900 8.556306e-47
138.797200 8.571645e-47
139.117300 8.587106e-47
139.438100 8.602690e-47
139.759600 8.618398e-47
140.081900 8.634230e-47
140.405000 8.650185e-47
140.728700 8.666262e-47
141.053300 8.682464e-47
141.378500 8.698791e-47
141.704600 8.715242e-47
142.031300 8.731817e-47
142.358800 8.748517e-47
142.687100 8.765343e-47
143.016200 8.782293e-47
143.346000 8.799369e-47
143.676500 8.816571e-47
144.007800 8.833900e-47
144.339900 8.851353e-47
144.672800 8.868934e-47
145.006400 8.886642e-47
145.340800 8.904478e-47
145.675900 8.922440e-47
146.011900 8.940529e-47
146.348600 8.958747e-47
146.686000 8.977093e-47
147.024300 8.995566e-47
147.363300 9.014169e-47
147.703200 9.032902e-47
148.043800 9.051764e-47
148.385200 9.070755e-47
148.727300 9.089876e-47
149.070300 9.109128e-47
149.414100 9.128509e-47
149.758600 9.148023e-47
150.103900 9.167666e-47
150.450100 9.187443e-47
150.797000 9.207349e-47
151.144800 9.227389e-47
151.493300 9.247561e-47
151.842700 9.267867e-47
152.192800 9.288304e-47
152.543800 9.308877e-47
152.895500 9.329582e-47
153.248100 9.350422e-47
153.601500 9.371396e-47
153.955700 9.392506e-47
154.310700 9.413750e-47
154.666600 9.435131e-47
155.023200 9.456646e-47
155.380700 9.478300e-47
155.739000 9.500091e-47
156.098200 9.522016e-47
156.458100 9.544081e-47
156.818900 9.566284e-47
157.180600 9.588626e-47
157.543000 9.611104e-47
157.906300 9.633725e-47
158.270400 9.656482e-47
158.635400 9.679380e-47
159.001200 9.702419e-47
159.367900 9.725601e-47
159.735400 9.748920e-47
160.103700 9.772384e-47
160.472900 9.795989e-47
160.843000 9.819736e-47
161.213900 9.843626e-47
161.585600 9.867661e-47
161.958300 9.891838e-47
162.331700 9.916160e-47
162.706100 9.940626e-47
163.081300 9.965238e-47
163.457400 9.989997e-47
163.834300 1.001491e-46
164.212100 1.003996e-46
164.590800 1.006515e-46
164.970300 1.009048e-46
165.350700 1.011599e-46
165.732000 1.014162e-46
166.114200 1.016741e-46
166.497300 1.019337e-46
166.881200 1.021945e-46
167.266100 1.024569e-46
167.651800 1.027209e-46
168.038400 1.029862e-46
168.425900 1.032532e-46
168.814300 1.035217e-46
169.203600 1.037917e-46
169.593700 1.040633e-46
169.984800 1.043362e-46
170.376800 1.046110e-46
170.769700 1.048871e-46
171.163500 1.051648e-46
171.558200 1.054441e-46
171.953800 1.057251e-46
172.350300 1.060074e-46
172.747800 1.062914e-46
173.146100 1.065769e-46
173.545400 1.068641e-46
173.945600 1.071529e-46
174.346700 1.074434e-46
174.748800 1.077353e-46
175.151700 1.080290e-46
175.555700 1.083242e-46
175.960500 1.086210e-46
176.366300 1.089195e-46
176.773000 1.092196e-46
177.180600 1.095212e-46
177.589200 1.098247e-46
177.998700 1.101299e-46
178.409200 1.104366e-46
178.820600 1.107449e-46
179.232900 1.110549e-46
179.646200 1.113667e-46
180.060500 1.116801e-46
180.475700 1.119952e-46
180.891900 1.123119e-46
181.309100 1.126305e-46
181.727100 1.129508e-46
182.146200 1.132726e-46
182.566200 1.135962e-46
182.987200 1.139217e-46
183.409200 1.142487e-46
183.832200 1.145775e-46
184.256100 1.149081e-46
184.681000 1.152404e-46
185.106800 1.155748e-46
185.533700 1.159106e-46
185.961500 1.162483e-46
186.390400 1.165877e-46
186.820200 1.169290e-46
187.251000 1.172718e-46
187.682800 1.176168e-46
188.115600 1.179633e-46
188.549400 1.183117e-46
188.984200 1.186620e-46
189.420000 1.190141e-46
189.856800 1.193681e-46
190.294600 1.197241e-46
190.733400 1.200817e-46
191.173300 1.204412e-46
191.614100 1.208025e-46
192.056000 1.211657e-46
192.498900 1.215308e-46
192.942800 1.218979e-46
193.387700 1.222668e-46
193.833600 1.226377e-46
194.280600 1.230103e-46
194.728600 1.233850e-46
195.177700 1.237616e-46
195.627800 1.241402e-46
196.078900 1.245206e-46
196.531000 1.249030e-46
196.984200 1.252873e-46
197.438500 1.256737e-46
197.893800 1.260619e-46
198.350100 1.264523e-46
198.807500 1.268446e-46
199.266000 1.272389e-46
199.725500 1.276351e-46
200.186000 1.280333e-46
200.647700 1.284337e-46
201.110400 1.288361e-46
201.574100 1.292405e-46
202.039000 1.296469e-46
202.504900 1.300553e-46
202.971800 1.304660e-46
203.439900 1.308786e-46
203.909000 1.312933e-46
204.379300 1.317101e-46
204.850600 1.321290e-46
205.322900 1.325501e-46
205.796400 1.329732e-46
206.271000 1.333983e-46
206.746600 1.338258e-46
207.223400 1.342553e-46
207.701300 1.346869e-46
208.180200 1.351206e-46
208.660300 1.355567e-46
209.141500 1.359950e-46
209.623800 1.364352e-46
210.107100 1.368778e-46
210.591600 1.373225e-46
211.077300 1.377696e-46
211.564000 1.382188e-46
212.051900 1.386702e-46
212.540900 1.391239e-46
213.031000 1.395798e-46
213.522300 1.400381e-46
214.014600 1.404986e-46
214.508200 1.409612e-46
215.002800 1.414263e-46
215.498600 1.418936e-46
215.995600 1.423633e-46
216.493600 1.428352e-46
216.992900 1.433094e-46
217.493300 1.437860e-46
217.994800 1.442651e-46
218.497500 1.447464e-46
219.001400 1.452302e-46
219.506400 1.457163e-46
220.012600 1.462046e-46
220.519900 1.466955e-46
221.028400 1.471888e-46
221.538100 1.476845e-46
222.049000 1.481827e-46
222.561000 1.486831e-46
223.074300 1.491862e-46
223.588700 1.496918e-46
224.104300 1.501997e-46
224.621100 1.507100e-46
225.139000 1.512231e-46
225.658200 1.517385e-46
226.178600 1.522564e-46
226.700200 1.527768e-46
227.222900 1.532998e-46
227.746900 1.538255e-46
228.272100 1.543535e-46
228.798500 1.548842e-46
229.326100 1.554176e-46
229.854900 1.559534e-46
230.385000 1.564918e-46
230.916200 1.570330e-46
231.448700 1.575766e-46
231.982500 1.581228e-46
232.517400 1.586718e-46
233.053600 1.592235e-46
233.591000 1.597779e-46
234.129700 1.603349e-46
234.669600 1.608945e-46
235.210700 1.614569e-46
235.753100 1.620221e-46
236.296800 1.625898e-46
236.841700 1.631605e-46
237.387800 1.637338e-46
237.935300 1.643098e-46
238.483900 1.648887e-46
239.033900 1.654704e-46
239.585100 1.660549e-46
240.137600 1.666420e-46
240.691300 1.672322e-46
241.246400 1.678250e-46
241.802700 1.684210e-46
242.360300 1.690195e-46
242.919200 1.696212e-46
243.479400 1.702255e-46
244.040800 1.708330e-46
244.603600 1.714431e-46
245.167600 1.720562e-46
245.733000 1.726725e-46
246.299700 1.732914e-46
246.867600 1.739133e-46
247.436900 1.745384e-46
248.007500 1.751665e-46
248.579400 1.757974e-46
249.152600 1.764314e-46
249.727200 1.770685e-46
250.303100 1.777086e-46
250.880300 1.783518e-46
251.458800 1.789979e-46
252.038700 1.796471e-46
252.619900 1.802996e-46
253.202400 1.809552e-46
253.786300 1.816139e-46
254.371500 1.822757e-46
254.958100 1.829405e-46
255.546000 1.836087e-46
256.135300 1.842798e-46
256.726000 1.849543e-46
257.318000 1.856322e-46
257.911400 1.863129e-46
258.506100 1.869971e-46
259.102200 1.876845e-46
259.699700 1.883754e-46
260.298600 1.890691e-46
260.898800 1.897663e-46
261.500500 1.904670e-46
262.103500 1.911707e-46
262.707900 1.918782e-46
263.313700 1.925886e-46
263.920900 1.933026e-46
264.529500 1.940201e-46
265.139500 1.947406e-46
265.750900 1.954647e-46
266.363800 1.961924e-46
266.978000 1.969234e-46
267.593700 1.976580e-46
268.210700 1.983960e-46
268.829200 1.991373e-46
269.449100 1.998825e-46
270.070500 2.006308e-46
270.693300 2.013828e-46
271.317500 2.021384e-46
271.943200 2.028975e-46
272.570300 2.036603e-46
273.198800 2.044268e-46
273.828800 2.051967e-46
274.460300 2.059701e-46
275.093200 2.067476e-46
275.727600 2.075285e-46
276.363400 2.083129e-46
277.000700 2.091014e-46
277.639400 2.098935e-46
278.279700 2.106890e-46
278.921400 2.114887e-46
279.564600 2.122919e-46
280.209300 2.130990e-46
280.855400 2.139099e-46
281.503100 2.147245e-46
282.152200 2.155429e-46
282.802900 2.163653e-46
283.455000 2.171915e-46
284.108700 2.180218e-46
284.763800 2.188556e-46
285.420500 2.196938e-46
286.078700 2.205356e-46
286.738400 2.213814e-46
287.399600 2.222312e-46
288.062300 2.230850e-46
288.726600 2.239428e-46
289.392400 2.248047e-46
290.059800 2.256707e-46
290.728700 2.265407e-46
291.399100 2.274148e-46
292.071000 2.282928e-46
292.744600 2.291751e-46
293.419600 2.300616e-46
294.096300 2.309522e-46
294.774400 2.318469e-46
295.454200 2.327458e-46
296.135500 2.336490e-46
296.818400 2.345563e-46
297.502900 2.354681e-46
298.188900 2.363839e-46
298.876500 2.373042e-46
299.565700 2.382287e-46
300.256600 2.391576e-46
300.949000 2.400907e-46
301.642900 2.410284e-46
302.338500 2.419702e-46
303.035700 2.429165e-46
303.734500 2.438673e-46
304.434900 2.448227e-46
305.137000 2.457824e-46
305.840600 2.467466e-46
306.545900 2.477152e-46
307.252800 2.486885e-46
307.961300 2.496662e-46
308.671500 2.506487e-46
309.383300 2.516357e-46
310.096700 2.526272e-46
310.811800 2.536231e-46
311.528500 2.546243e-46
312.246900 2.556296e-46
312.967000 2.566398e-46
313.688700 2.576548e-46
314.412000 2.586745e-46
315.137100 2.596990e-46
315.863800 2.607282e-46
316.592200 2.617620e-46
317.322200 2.628011e-46
318.054000 2.638448e-46
318.787400 2.648932e-46
319.522500 2.659466e-46
320.259400 2.670051e-46
320.997900 2.680683e-46
321.738100 2.691365e-46
322.480000 2.702098e-46
323.223700 2.712879e-46
323.969000 2.723711e-46
324.716100 2.734595e-46
325.464900 2.745530e-46
326.215400 2.756513e-46
326.967700 2.767552e-46
327.721700 2.778639e-46
328.477400 2.789775e-46
329.234900 2.800967e-46
329.994100 2.812208e-46
330.755100 2.823506e-46
331.517800 2.834852e-46
332.282300 2.846252e-46
333.048500 2.857706e-46
333.816500 2.869213e-46
334.586300 2.880776e-46
335.357900 2.892387e-46
336.131200 2.904056e-46
336.906300 2.915778e-46
337.683200 2.927559e-46
338.461900 2.939390e-46
339.242400 2.951277e-46
340.024700 2.963218e-46
340.808800 2.975214e-46
341.594700 2.987270e-46
342.382500 2.999381e-46
343.172000 3.011544e-46
343.963300 3.023766e-46
344.756500 3.036045e-46
345.551500 3.048383e-46
346.348400 3.060775e-46
347.147100 3.073226e-46
347.947600 3.085735e-46
348.750000 3.098304e-46
349.554200 3.110927e-46
350.360300 3.123611e-46
351.168200 3.136356e-46
351.978000 3.149155e-46
352.789600 3.162020e-46
353.603200 3.174940e-46
354.418600 3.187921e-46
355.235900 3.200961e-46
356.055100 3.214064e-46
356.876100 3.227225e-46
357.699100 3.240450e-46
358.524000 3.253734e-46
359.350700 3.267082e-46
360.179400 3.280493e-46
361.010000 3.293960e-46
361.842400 3.307495e-46
362.676900 3.321091e-46
363.513200 3.334751e-46
364.351400 3.348472e-46
365.191600 3.362261e-46
366.033800 3.376109e-46
366.877900 3.390025e-46
367.723900 3.404003e-46
368.571900 3.418047e-46
369.421800 3.432156e-46
370.273700 3.446329e-46
371.127500 3.460567e-46
371.983400 3.474876e-46
372.841200 3.489245e-46
373.700900 3.503684e-46
374.562700 3.518190e-46
375.426400 3.532765e-46
376.292200 3.547403e-46
377.159900 3.562113e-46
378.029600 3.576887e-46
378.901400 3.591734e-46
379.775100 3.606645e-46
380.650900 3.621630e-46
381.528700 3.636680e-46
382.408500 3.651803e-46
383.290300 3.666995e-46
384.174200 3.682258e-46
385.060100 3.697587e-46
385.948000 3.712994e-46
386.838000 3.728467e-46
387.730100 3.744012e-46
388.624200 3.759632e-46
389.520400 3.775323e-46
390.418600 3.791085e-46
391.318900 3.806924e-46
392.221300 3.822831e-46
393.125800 3.838817e-46
394.032300 3.854873e-46
394.941000 3.871005e-46
395.851700 3.887211e-46
396.764500 3.903493e-46
397.679500 3.919850e-46
398.596500 3.936280e-46
399.515700 3.952788e-46
400.437000 3.969375e-46
401.360400 3.986036e-46
402.285900 4.002772e-46
403.213600 4.019588e-46
404.143400 4.036483e-46
405.075400 4.053453e-46
406.009500 4.070504e-46
406.945700 4.087635e-46
407.884200 4.104842e-46
408.824700 4.122130e-46
409.767500 4.139499e-46
410.712400 4.156946e-46
411.659500 4.174478e-46
412.608800 4.192088e-46
413.560300 4.209781e-46
414.514000 4.227555e-46
415.469900 4.245409e-46
416.427900 4.263349e-46
417.388200 4.281373e-46
418.350700 4.299477e-46
419.315400 4.317668e-46
420.282400 4.335944e-46
421.251600 4.354304e-46
422.223000 4.372749e-46
423.196600 4.391284e-46
424.172500 4.409899e-46
425.150600 4.428609e-46
426.131100 4.447404e-46
427.113700 4.466290e-46
428.098600 4.485272e-46
429.085800 4.504348e-46
430.075300 4.523521e-46
431.067100 4.542802e-46
432.061100 4.562210e-46
433.057500 4.581762e-46
434.056100 4.601536e-46
435.057000 4.621730e-46
436.060300 4.643150e-46
437.065800 4.672411e-46
438.073700 1.162573e-44
439.083900 4.711396e-46
440.096400 4.722524e-46
441.111300 4.740992e-46
442.128500 4.760635e-46
443.148100 4.780682e-46
444.170000 4.800946e-46
445.194200 4.821358e-46
446.220800 4.841897e-46
447.249800 4.862550e-46
448.281200 4.883309e-46
449.314900 4.904174e-46
450.351000 4.925137e-46
451.389600 4.946203e-46
452.430500 4.967362e-46
453.473800 4.988629e-46
454.519500 5.009991e-46
455.567600 5.031453e-46
456.618200 5.053014e-46
457.671100 5.074675e-46
458.726500 5.096442e-46
459.784400 5.118304e-46
460.844600 5.140268e-46
461.907300 5.162334e-46
462.972500 5.184506e-46
464.040100 5.206776e-46
465.110200 5.229148e-46
466.182700 5.251628e-46
467.257800 5.274206e-46
468.335300 5.296893e-46
469.415200 5.319684e-46
470.497700 5.342579e-46
471.582700 5.365579e-46
472.670200 5.388689e-46
473.760100 5.411900e-46
474.852600 5.435221e-46
475.947700 5.458653e-46
477.045200 5.482187e-46
478.145300 5.505832e-46
479.247900 5.529590e-46
480.353000 5.553450e-46
481.460700 5.577424e-46
482.571000 5.601510e-46
483.683800 5.625706e-46
484.799100 5.650015e-46
485.917100 5.674434e-46
487.037600 5.698967e-46
488.160800 5.723611e-46
489.286500 5.748371e-46
490.414800 5.773241e-46
491.545700 5.798233e-46
492.679200 5.823332e-46
493.815300 5.848552e-46
494.954000 5.873885e-46
496.095400 5.899341e-46
497.239400 5.924906e-46
498.386000 5.950594e-46
499.535300 5.976402e-46
500.687200 6.002324e-46
501.841800 6.028370e-46
502.999100 6.054533e-46
504.159000 6.080821e-46
505.321600 6.107225e-46
506.486900 6.133751e-46
507.654800 6.160403e-46
508.825500 6.187174e-46
509.998800 6.214072e-46
511.174900 6.241088e-46
512.353700 6.268233e-46
513.535200 6.295503e-46
514.719400 6.322901e-46
515.906300 6.350420e-46
517.096000 6.378069e-46
518.288400 6.405845e-46
519.483600 6.433751e-46
520.681600 6.461784e-46
521.882200 6.489945e-46
523.085700 6.518238e-46
524.292000 6.546659e-46
525.501000 6.575209e-46
526.712800 6.603898e-46
527.927400 6.632711e-46
529.144800 6.661659e-46
530.365000 6.690743e-46
531.588000 6.719962e-46
532.813900 6.749313e-46
534.042600 6.778801e-46
535.274000 6.808426e-46
536.508400 6.838183e-46
537.745600 6.868079e-46
538.985600 6.898114e-46
540.228500 6.928282e-46
541.474300 6.958596e-46
542.723000 6.989049e-46
543.974500 7.019638e-46
545.228900 7.050368e-46
546.486200 7.081246e-46
547.746400 7.112260e-46
549.009500 7.143422e-46
550.275500 7.174721e-46
551.544500 7.206170e-46
552.816300 7.237763e-46
554.091100 7.269500e-46
555.368900 7.301382e-46
556.649500 7.333410e-46
557.933200 7.365590e-46
559.219800 7.397916e-46
560.509400 7.430395e-46
561.801900 7.463015e-46
563.097400 7.495795e-46
564.395900 7.528718e-46
565.697400 7.561796e-46
567.001900 7.595023e-46
568.309400 7.628406e-46
569.620000 7.661946e-46
570.933500 7.695636e-46
572.250100 7.729484e-46
573.569700 7.763484e-46
574.892300 7.797649e-46
576.218100 7.831960e-46
577.546800 7.866437e-46
578.878600 7.901069e-46
580.213500 7.935861e-46
581.551500 7.970814e-46
582.892600 8.005929e-46
584.236700 8.041206e-46
585.584000 8.076646e-46
586.934300 8.112249e-46
588.287800 8.148010e-46
589.644400 8.183942e-46
591.004100 8.220039e-46
592.367000 8.256301e-46
593.733000 8.292730e-46
595.102200 8.329325e-46
596.474500 8.366093e-46
597.850000 8.403024e-46
599.228600 8.440129e-46
600.610400 8.477409e-46
601.995400 8.514852e-46
603.383600 8.552472e-46
604.775000 8.590269e-46
606.169700 8.628231e-46
607.567500 8.666376e-46
608.968600 8.704695e-46
610.372800 8.743187e-46
611.780400 8.781858e-46
613.191100 8.820710e-46
614.605200 8.859737e-46
616.022400 8.898945e-46
617.443000 8.938336e-46
618.866800 8.977904e-46
620.293900 9.017655e-46
621.724300 9.057590e-46
623.158000 9.097710e-46
624.595000 9.138015e-46
626.035400 9.178506e-46
627.479000 9.219178e-46
628.926000 9.260044e-46
630.376300 9.301097e-46
631.829900 9.342339e-46
633.286900 9.383764e-46
634.747300 9.425385e-46
636.211000 9.467203e-46
637.678100 9.509206e-46
639.148600 9.551407e-46
640.622500 9.593800e-46
642.099800 9.636387e-46
643.580500 9.679173e-46
645.064600 9.722155e-46
646.552100 9.765331e-46
648.043100 9.808710e-46
649.537500 9.852291e-46
651.035300 9.896070e-46
652.536600 9.940047e-46
654.041300 9.984235e-46
655.549600 1.002862e-45
657.061300 1.007321e-45
658.576500 1.011800e-45
660.095100 1.016301e-45
661.617300 1.020822e-45
663.143000 1.025364e-45
664.672200 1.029926e-45
666.205000 1.034510e-45
667.741300 1.039115e-45
669.281100 1.043741e-45
670.824400 1.048388e-45
672.371400 1.053057e-45
673.921800 1.057747e-45
675.475900 1.062459e-45
677.033600 1.067192e-45
678.594800 1.071948e-45
680.159700 1.076724e-45
681.728100 1.081524e-45
683.300200 1.086345e-45
684.875900 1.091189e-45
686.455200 1.096054e-45
688.038200 1.100943e-45
689.624800 1.105853e-45
691.215100 1.110787e-45
692.809000 1.115743e-45
694.406700 1.120722e-45
696.008000 1.125723e-45
697.613000 1.130748e-45
699.221700 1.135796e-45
700.834100 1.140867e-45
702.450200 1.145962e-45
704.070100 1.151080e-45
705.693600 1.156221e-45
707.321000 1.161386e-45
708.952100 1.166576e-45
710.586900 1.171788e-45
712.225500 1.177025e-45
713.867900 1.182286e-45
715.514100 1.187572e-45
717.164100 1.192881e-45
718.817900 1.198215e-45
720.475500 1.203574e-45
722.136900 1.208957e-45
723.802200 1.214365e-45
725.471300 1.219798e-45
727.144200 1.225256e-45
728.821000 1.230739e-45
730.501700 1.236247e-45
732.186200 1.241781e-45
733.874600 1.247340e-45
735.567000 1.252925e-45
737.263200 1.258535e-45
738.963300 1.264172e-45
740.667400 1.269834e-45
742.375400 1.275523e-45
744.087300 1.281237e-45
745.803100 1.286978e-45
747.523000 1.292745e-45
749.246800 1.298539e-45
750.974500 1.304359e-45
752.706300 1.310206e-45
754.442000 1.316081e-45
756.181800 1.321982e-45
757.925500 1.327910e-45
759.673300 1.333866e-45
761.425100 1.339849e-45
763.181000 1.345860e-45
764.940900 1.351898e-45
766.704800 1.357965e-45
768.472900 1.364058e-45
770.245000 1.370181e-45
772.021200 1.376331e-45
773.801500 1.382510e-45
775.585900 1.388717e-45
777.374400 1.394953e-45
779.167000 1.401218e-45
780.963800 1.407510e-45
782.764700 1.413833e-45
784.569700 1.420184e-45
786.379000 1.426565e-45
788.192300 1.432975e-45
790.009900 1.439414e-45
791.831700 1.445883e-45
793.657700 1.452382e-45
795.487800 1.458911e-45
797.322200 1.465470e-45
799.160900 1.472059e-45
801.003700 1.478679e-45
802.850900 1.485329e-45
804.702200 1.492009e-45
806.557900 1.498720e-45
808.417800 1.505463e-45
810.282000 1.512236e-45
812.150600 1.519040e-45
814.023400 1.525876e-45
815.900500 1.532743e-45
817.782000 1.539642e-45
819.667800 1.546573e-45
821.558000 1.553535e-45
823.452500 1.560530e-45
825.351400 1.567557e-45
827.254600 1.574616e-45
829.162300 1.581708e-45
831.074300 1.588832e-45
832.990800 1.595989e-45
834.911700 1.603179e-45
836.837000 1.610402e-45
838.766800 1.617660e-45
840.701000 1.624949e-45
842.639600 1.632273e-45
844.582800 1.639630e-45
846.530400 1.647022e-45
848.482500 1.654448e-45
850.439100 1.661909e-45
852.400200 1.669406e-45
854.365900 1.676942e-45
856.336000 1.684541e-45
858.310700 1.693501e-45
860.290000 1.699852e-45
862.273900 1.707411e-45
864.262300 1.715100e-45
866.255300 1.722834e-45
868.252800 1.730605e-45
870.255000 1.738414e-45
872.261900 1.746260e-45
874.273300 1.754141e-45
876.289400 1.762059e-45
878.310100 1.770014e-45
880.335500 1.778004e-45
882.365600 1.786033e-45
884.400300 1.794098e-45
886.439700 1.802200e-45
888.483900 1.810340e-45
890.532700 1.818517e-45
892.586300 1.826732e-45
894.644600 1.834984e-45
896.707700 1.843274e-45
898.775500 1.851603e-45
900.848100 1.859970e-45
902.925400 1.868376e-45
905.007600 1.876820e-45
907.094500 1.885303e-45
909.186300 1.893826e-45
911.282900 1.902388e-45
913.384300 1.910988e-45
915.490600 1.919629e-45
917.601700 1.928309e-45
919.717700 1.937030e-45
921.838600 1.945790e-45
923.964400 1.954590e-45
926.095000 1.963432e-45
928.230600 1.972315e-45
930.371100 1.981237e-45
932.516600 1.990201e-45
934.667000 1.999207e-45
936.822300 2.008253e-45
938.982600 2.017342e-45
941.147900 2.026473e-45
943.318200 2.035645e-45
945.493500 2.044859e-45
947.673800 2.054116e-45
949.859200 2.063416e-45
952.049500 2.072759e-45
954.245000 2.082144e-45
956.445500 2.091573e-45
958.651100 2.101045e-45
960.861700 2.110561e-45
963.077500 2.120120e-45
965.298300 2.129724e-45
967.524300 2.139371e-45
969.755400 2.149064e-45
971.991700 2.158801e-45
974.233100 2.168583e-45
976.479700 2.178410e-45
978.731500 2.188281e-45
980.988400 2.198199e-45
983.250600 2.208163e-45
985.518000 2.218172e-45
987.790600 2.228227e-45
990.068400 2.238328e-45
992.351600 2.248476e-45
994.639900 2.258671e-45
996.933600 2.268913e-45
999.232500 2.279202e-45
1001.537000 2.289538e-45
1003.846000 2.299922e-45
1006.161000 2.310354e-45
1008.481000 2.320834e-45
1010.807000 2.331361e-45
1013.138000 2.341938e-45
1015.474000 2.352563e-45
1017.816000 2.363237e-45
1020.163000 2.373961e-45
1022.515000 2.384733e-45
1024.873000 2.395555e-45
1027.237000 2.406427e-45
1029.606000 2.417350e-45
1031.980000 2.428322e-45
1034.360000 2.439345e-45
1036.745000 2.450419e-45
1039.136000 2.461544e-45
1041.532000 2.472720e-45
1043.934000 2.483948e-45
1046.341000 2.495227e-45
1048.754000 2.506558e-45
1051.172000 2.517941e-45
1053.596000 2.529378e-45
1056.026000 2.540866e-45
1058.461000 2.552407e-45
1060.902000 2.564001e-45
1063.348000 2.575650e-45
1065.800000 2.587351e-45
1068.258000 2.599107e-45
1070.722000 2.610917e-45
1073.191000 2.622781e-45
1075.666000 2.634699e-45
1078.146000 2.646673e-45
1080.632000 2.658702e-45
1083.124000 2.670786e-45
1085.622000 2.682926e-45
1088.125000 2.695122e-45
1090.634000 2.707374e-45
1093.149000 2.719682e-45
1095.670000 2.732046e-45
1098.197000 2.744469e-45
1100.729000 2.756948e-45
1103.268000 2.769484e-45
1105.812000 2.782079e-45
1108.362000 2.794731e-45
1110.918000 2.807442e-45
1113.479000 2.820211e-45
1116.047000 2.833040e-45
1118.621000 2.845927e-45
1121.200000 2.858873e-45
1123.786000 2.871880e-45
1126.377000 2.884946e-45
1128.975000 2.898072e-45
1131.578000 2.911259e-45
1134.188000 2.924506e-45
1136.803000 2.937815e-45
1139.425000 2.951184e-45
1142.052000 2.964616e-45
1144.686000 2.978110e-45
1147.325000 2.991664e-45
1149.971000 3.005283e-45
1152.623000 3.018963e-45
1155.281000 3.032707e-45
1157.945000 3.046513e-45
1160.615000 3.060384e-45
1163.292000 3.074319e-45
1165.974000 3.088317e-45
1168.663000 3.102381e-45
1171.358000 3.116509e-45
1174.059000 3.130701e-45
1176.766000 3.144960e-45
1179.480000 3.159283e-45
1182.200000 3.173674e-45
1184.926000 3.188130e-45
1187.659000 3.202652e-45
1190.397000 3.217242e-45
1193.142000 3.231900e-45
1195.894000 3.246625e-45
1198.651000 3.261416e-45
1201.416000 3.276277e-45
1204.186000 3.291206e-45
1206.963000 3.306204e-45
1209.746000 3.321271e-45
1212.536000 3.336407e-45
1215.332000 3.351613e-45
1218.134000 3.366889e-45
1220.944000 3.382235e-45
1223.759000 3.397653e-45
1226.581000 3.413142e-45
1229.409000 3.428702e-45
1232.245000 3.444334e-45
1235.086000 3.460041e-45
1237.934000 3.475835e-45
1240.789000 3.497639e-45
1243.650000 3.507611e-45
1246.518000 3.523581e-45
1249.392000 3.539646e-45
1252.274000 3.555786e-45
1255.161000 3.572002e-45
1258.056000 3.588293e-45
1260.957000 3.604659e-45
1263.865000 3.621100e-45
1266.779000 3.637618e-45
1269.700000 3.654212e-45
1272.628000 3.670883e-45
1275.563000 3.687629e-45
1278.504000 3.704453e-45
1281.453000 3.721355e-45
1284.408000 3.738334e-45
1287.370000 3.755392e-45
1290.338000 3.772528e-45
1293.314000 3.789743e-45
1296.296000 3.807038e-45
1299.285000 3.824412e-45
1302.282000 3.841866e-45
1305.285000 3.859401e-45
1308.295000 3.877017e-45
1311.312000 3.894714e-45
1314.335000 3.912491e-45
1317.366000 3.930352e-45
1320.404000 3.948294e-45
1323.449000 3.966319e-45
1326.501000 3.984427e-45
1329.560000 4.002618e-45
1332.626000 4.020894e-45
1335.699000 4.039253e-45
1338.779000 4.057698e-45
1341.866000 4.076227e-45
1344.961000 4.094842e-45
1348.062000 4.113542e-45
1351.171000 4.132329e-45
1354.287000 4.151202e-45
1357.410000 4.170162e-45
1360.540000 4.189209e-45
1363.677000 4.208344e-45
1366.822000 4.227568e-45
1369.974000 4.246879e-45
1373.133000 4.266280e-45
1376.299000 4.285771e-45
1379.473000 4.305351e-45
1382.654000 4.325021e-45
1385.843000 4.344782e-45
1389.038000 4.364633e-45
1392.242000 4.384577e-45
1395.452000 4.404612e-45
1398.670000 4.424740e-45
1401.895000 4.444961e-45
1405.128000 4.465273e-45
1408.368000 4.485681e-45
1411.616000 4.506182e-45
1414.871000 4.526779e-45
1418.134000 4.547468e-45
1421.404000 4.568255e-45
1424.682000 4.589136e-45
1427.967000 4.610114e-45
1431.260000 4.631189e-45
1434.561000 4.652361e-45
1437.869000 4.673630e-45
1441.185000 4.694997e-45
1444.508000 4.716463e-45
1447.839000 4.738027e-45
1451.178000 4.759692e-45
1454.524000 4.781456e-45
1457.878000 4.803320e-45
1461.240000 4.825285e-45
1464.610000 4.847351e-45
1467.987000 4.869519e-45
1471.372000 4.891790e-45
1474.765000 4.914161e-45
1478.166000 4.936638e-45
1481.575000 4.959217e-45
1484.991000 4.981901e-45
1488.416000 5.004688e-45
1491.848000 5.027581e-45
1495.288000 5.050580e-45
1498.736000 5.073683e-45
1502.193000 5.096895e-45
1505.657000 5.120212e-45
1509.129000 5.143638e-45
1512.609000 5.167171e-45
1516.097000 5.190813e-45
1519.593000 5.214563e-45
1523.097000 5.238423e-45
1526.609000 5.262394e-45
1530.130000 5.286474e-45
1533.658000 5.310665e-45
1537.195000 5.334969e-45
1540.740000 5.359383e-45
1544.293000 5.383911e-45
1547.854000 5.408552e-45
1551.423000 5.433306e-45
1555.001000 5.458175e-45
1558.586000 5.483158e-45
1562.181000 5.508257e-45
1565.783000 5.533470e-45
1569.394000 5.558803e-45
1573.013000 5.584265e-45
1576.640000 5.610485e-45
1580.276000 5.635502e-45
1583.920000 5.661294e-45
1587.572000 5.687211e-45
1591.234000 5.713249e-45
1594.903000 5.739406e-45
1598.581000 5.765685e-45
1602.267000 5.792085e-45
1605.962000 5.818608e-45
1609.665000 5.845251e-45
1613.377000 5.872019e-45
1617.098000 5.898908e-45
1620.827000 5.925922e-45
1624.564000 5.953061e-45
1628.311000 5.980325e-45
1632.065000 6.007715e-45
1635.829000 6.035230e-45
1639.601000 6.062873e-45
1643.382000 6.090643e-45
1647.172000 6.118540e-45
1650.970000 6.146566e-45
1654.777000 6.174722e-45
1658.593000 6.203007e-45
1662.418000 6.231423e-45
1666.252000 6.259970e-45
1670.094000 6.288649e-45
1673.945000 6.317458e-45
1677.805000 6.346402e-45
1681.674000 6.375478e-45
1685.552000 6.404689e-45
1689.439000 6.434034e-45
1693.335000 6.463515e-45
1697.240000 6.493132e-45
1701.154000 6.522885e-45
1705.077000 6.552775e-45
1709.009000 6.582802e-45
1712.950000 6.612968e-45
1716.900000 6.643275e-45
1720.859000 6.673720e-45
1724.827000 6.704305e-45
1728.805000 6.735032e-45
1732.791000 6.765900e-45
1736.787000 6.796909e-45
1740.792000 6.828062e-45
1744.806000 6.859359e-45
1748.830000 6.890801e-45
1752.863000 6.922386e-45
1756.905000 6.954119e-45
1760.956000 6.985996e-45
1765.017000 7.018021e-45
1769.087000 7.050193e-45
1773.167000 7.082515e-45
1777.256000 7.114985e-45
1781.354000 7.147603e-45
1785.462000 7.180374e-45
1789.579000 7.213295e-45
1793.706000 7.246368e-45
1797.842000 7.279593e-45
1801.988000 7.312971e-45
1806.143000 7.346502e-45
1810.309000 7.380190e-45
1814.483000 7.414031e-45
1818.667000 7.448028e-45
1822.861000 7.482184e-45
1827.065000 7.516496e-45
1831.278000 7.550967e-45
1835.501000 7.585595e-45
1839.734000 7.620384e-45
1843.976000 7.655333e-45
1848.228000 7.690443e-45
1852.490000 7.725716e-45
1856.762000 7.761150e-45
1861.044000 7.796749e-45
1865.335000 7.832512e-45
1869.637000 7.868439e-45
1873.948000 7.904531e-45
1878.270000 7.940790e-45
1882.601000 7.977217e-45
1886.942000 8.013811e-45
1891.293000 8.050576e-45
1895.655000 8.087518e-45
1900.026000 8.124648e-45
1904.408000 8.161885e-45
1908.799000 8.199328e-45
1913.201000 8.236946e-45
1917.613000 8.274737e-45
1922.035000 8.312704e-45
1926.467000 8.350844e-45
1930.909000 8.389160e-45
1935.362000 8.427653e-45
1939.825000 8.466324e-45
1944.298000 8.505174e-45
1948.782000 8.544201e-45
1953.276000 8.583409e-45
1957.780000 8.622799e-45
1962.295000 8.662369e-45
1966.820000 8.702123e-45
1971.355000 8.742057e-45
1975.901000 8.782179e-45
1980.458000 8.822484e-45
1985.025000 8.862974e-45
1989.602000 8.903653e-45
1994.190000 8.944518e-45
1998.789000 8.985571e-45
2003.398000 9.026815e-45
2008.018000 9.068248e-45
2012.648000 9.109872e-45
2017.290000 9.151687e-45
2021.941000 9.193695e-45
2026.604000 9.235898e-45
2031.277000 9.278296e-45
2035.962000 9.320889e-45
2040.657000 9.363678e-45
2045.362000 9.406664e-45
2050.079000 9.449848e-45
2054.807000 9.493232e-45
2059.545000 9.536815e-45
2064.294000 9.580600e-45
2069.055000 9.624585e-45
2073.826000 9.668775e-45
2078.608000 9.713167e-45
2083.401000 9.757765e-45
2088.206000 9.802568e-45
2093.021000 9.847579e-45
2097.847000 9.892795e-45
2102.685000 9.938222e-45
2107.534000 9.983857e-45
2112.394000 1.002970e-44
2117.265000 1.007576e-44
2122.148000 1.012203e-44
2127.041000 1.016850e-44
2131.946000 1.021521e-44
2136.863000 1.026212e-44
2141.790000 1.030925e-44
2146.729000 1.035660e-44
2151.680000 1.040416e-44
2156.641000 1.045193e-44
2161.615000 1.049994e-44
2166.599000 1.054817e-44
2171.595000 1.059662e-44
2176.603000 1.064529e-44
2181.622000 1.069419e-44
2186.653000 1.074330e-44
2191.696000 1.079265e-44
2196.750000 1.084222e-44
2201.816000 1.089203e-44
2206.893000 1.094206e-44
2211.982000 1.099233e-44
2217.083000 1.104282e-44
2222.195000 1.109355e-44
2227.320000 1.114452e-44
2232.456000 1.119571e-44
2237.604000 1.124715e-44
2242.764000 1.129882e-44
2247.936000 1.135073e-44
2253.120000 1.140289e-44
2258.315000 1.145529e-44
2263.523000 1.150788e-44
2268.743000 1.156077e-44
2273.974000 1.161388e-44
2279.218000 1.166724e-44
2284.474000 1.172086e-44
2289.742000 1.177470e-44
2295.022000 1.182880e-44
2300.315000 1.188316e-44
2305.619000 1.193777e-44
2310.936000 1.199262e-44
2316.265000 1.204774e-44
2321.606000 1.210310e-44
2326.960000 1.215870e-44
2332.326000 1.221458e-44
2337.704000 1.227072e-44
2343.095000 1.232711e-44
2348.498000 1.238375e-44
2353.914000 1.244066e-44
2359.342000 1.249783e-44
2364.783000 1.255527e-44
2370.236000 1.261297e-44
2375.702000 1.267095e-44
2381.180000 1.272919e-44
2386.671000 1.278770e-44
2392.175000 1.284645e-44
2397.691000 1.290551e-44
2403.220000 1.296483e-44
2408.762000 1.302442e-44
2414.317000 1.308429e-44
2419.884000 1.314442e-44
2425.465000 1.320486e-44
2431.058000 1.326556e-44
2436.664000 1.332653e-44
2442.283000 1.338779e-44
2447.915000 1.344932e-44
2453.559000 1.351116e-44
2459.218000 1.357325e-44
2464.888000 1.363565e-44
2470.573000 1.369834e-44
2476.270000 1.376131e-44
2481.980000 1.382459e-44
2487.703000 1.388813e-44
2493.440000 1.395198e-44
2499.190000 1.401612e-44
2504.953000 1.408058e-44
2510.729000 1.414530e-44
2516.519000 1.421033e-44
2522.322000 1.427569e-44
2528.139000 1.434131e-44
2533.969000 1.440725e-44
2539.812000 1.447349e-44
2545.669000 1.454004e-44
2551.539000 1.460690e-44
2557.423000 1.467405e-44
2563.321000 1.474153e-44
2569.232000 1.480933e-44
2575.156000 1.487741e-44
2581.095000 1.494582e-44
2587.047000 1.501456e-44
2593.012000 1.508360e-44
2598.992000 1.515297e-44
2604.985000 1.522265e-44
2610.992000 1.529266e-44
2617.013000 1.536298e-44
2623.048000 1.543364e-44
2629.097000 1.550461e-44
2635.160000 1.557591e-44
2641.236000 1.564753e-44
2647.327000 1.571949e-44
2653.432000 1.579179e-44
2659.551000 1.586444e-44
2665.684000 1.593740e-44
2671.831000 1.601070e-44
2677.992000 1.608433e-44
2684.167000 1.615830e-44
2690.357000 1.623262e-44
2696.561000 1.630729e-44
2702.779000 1.638228e-44
2709.012000 1.645766e-44
2715.259000 1.653336e-44
2721.521000 1.660941e-44
2727.796000 1.668579e-44
2734.087000 1.676256e-44
2740.392000 1.683966e-44
2746.711000 1.691711e-44
2753.045000 1.699493e-44
2759.393000 1.707311e-44
2765.756000 1.715165e-44
2772.134000 1.723055e-44
2778.527000 1.730982e-44
2784.934000 1.738943e-44
2791.356000 1.746944e-44
2797.793000 1.754981e-44
2804.245000 1.763055e-44
2810.711000 1.771164e-44
2817.193000 1.779313e-44
2823.689000 1.787499e-44
2830.201000 1.795723e-44
2836.727000 1.803985e-44
2843.269000 1.812284e-44
2849.825000 1.820624e-44
2856.397000 1.828999e-44
2862.984000 1.837413e-44
2869.586000 1.845867e-44
2876.204000 1.854360e-44
2882.836000 1.862892e-44
2889.484000 1.871465e-44
2896.147000 1.880074e-44
2902.826000 1.888725e-44
2909.519000 1.897418e-44
2916.229000 1.906147e-44
2922.954000 1.914919e-44
2929.694000 1.923730e-44
2936.450000 1.932581e-44
2943.222000 1.941474e-44
2950.008000 1.950408e-44
2956.811000 1.959384e-44
2963.630000 1.968401e-44
2970.464000 1.977458e-44
2977.314000 1.986558e-44
2984.180000 1.995699e-44
2991.061000 2.004883e-44
2997.958000 2.014109e-44
3004.872000 2.023378e-44
3011.801000 2.032692e-44
3018.746000 2.042047e-44
3025.707000 2.051443e-44
3032.685000 2.060884e-44
3039.678000 2.070370e-44
3046.688000 2.079898e-44
3053.713000 2.089470e-44
3060.755000 2.099088e-44
3067.813000 2.108748e-44
3074.888000 2.118454e-44
3081.979000 2.128202e-44
3089.086000 2.138000e-44
3096.209000 2.147840e-44
3103.349000 2.157726e-44
3110.505000 2.167656e-44
3117.678000 2.177634e-44
3124.867000 2.187657e-44
3132.073000 2.197726e-44
3139.296000 2.207842e-44
3146.535000 2.218006e-44
3153.791000 2.228216e-44
3161.064000 2.238471e-44
3168.353000 2.248776e-44
3175.660000 2.259126e-44
3182.983000 2.269527e-44
3190.323000 2.279973e-44
3197.680000 2.290467e-44
3205.053000 2.301013e-44
3212.444000 2.311604e-44
3219.852000 2.322247e-44
3227.277000 2.332935e-44
3234.719000 2.343676e-44
3242.179000 2.354463e-44
3249.655000 2.365303e-44
3257.149000 2.376191e-44
3264.660000 2.387133e-44
3272.188000 2.398122e-44
3279.734000 2.409163e-44
3287.297000 2.420252e-44
3294.878000 2.431395e-44
3302.476000 2.442591e-44
3310.091000 2.453835e-44
3317.724000 2.465132e-44
3325.375000 2.476481e-44
3333.043000 2.487885e-44
3340.729000 2.499337e-44
3348.433000 2.510846e-44
3356.155000 2.522405e-44
3363.894000 2.534018e-44
3371.651000 2.545687e-44
3379.426000 2.557409e-44
3387.219000 2.569183e-44
3395.030000 2.581013e-44
3402.859000 2.592895e-44
3410.706000 2.604835e-44
3418.571000 2.616827e-44
3426.454000 2.628880e-44
3434.356000 2.640983e-44
3442.275000 2.653143e-44
3450.213000 2.665360e-44
3458.169000 2.677635e-44
3466.144000 2.689964e-44
3474.137000 2.702351e-44
3482.148000 2.714793e-44
3490.178000 2.727294e-44
3498.227000 2.739853e-44
3506.294000 2.752470e-44
3514.379000 2.765147e-44
3522.483000 2.777879e-44
3530.606000 2.790670e-44
3538.748000 2.803522e-44
3546.908000 2.816432e-44
3555.087000 2.829403e-44
3563.285000 2.842434e-44
3571.502000 2.855522e-44
3579.738000 2.868674e-44
3587.993000 2.881883e-44
3596.267000 2.895157e-44
3604.560000 2.908488e-44
3612.872000 2.921884e-44
3621.204000 2.935342e-44
3629.554000 2.948858e-44
3637.924000 2.962440e-44
3646.313000 2.976084e-44
3654.722000 2.989790e-44
3663.149000 3.003559e-44
3671.597000 3.017395e-44
3680.063000 3.031290e-44
3688.550000 3.045252e-44
3697.055000 3.059277e-44
3705.581000 3.073370e-44
3714.126000 3.087523e-44
3722.691000 3.101744e-44
3731.275000 3.116030e-44
3739.880000 3.130384e-44
3748.504000 3.144802e-44
3757.148000 3.159286e-44
3765.812000 3.173838e-44
3774.496000 3.188457e-44
3783.200000 3.203144e-44
3791.924000 3.217898e-44
3800.668000 3.232721e-44
3809.432000 3.247611e-44
3818.217000 3.262572e-44
3827.022000 3.277599e-44
3835.847000 3.292697e-44
3844.693000 3.307862e-44
3853.559000 3.323103e-44
3862.445000 3.338408e-44
3871.352000 3.353788e-44
3880.279000 3.369236e-44
3889.227000 3.384757e-44
3898.195000 3.400351e-44
3907.185000 3.416013e-44
3916.195000 3.431749e-44
3925.226000 3.447558e-44
3934.277000 3.463440e-44
3943.350000 3.479396e-44
3952.443000 3.495423e-44
3961.557000 3.511527e-44
3970.693000 3.527703e-44
3979.849000 3.543957e-44
3989.027000 3.560282e-44
3998.226000 3.576683e-44
4007.445000 3.593163e-44
4016.687000 3.609715e-44
4025.949000 3.626347e-44
4035.233000 3.643052e-44
4044.538000 3.659837e-44
4053.865000 3.676699e-44
4063.213000 3.693638e-44
4072.583000 3.710655e-44
4081.974000 3.727749e-44
4091.388000 3.744926e-44
4100.822000 3.762176e-44
4110.279000 3.779509e-44
4119.757000 3.796925e-44
4129.257000 3.814420e-44
4138.779000 3.831994e-44
4148.324000 3.849648e-44
4157.890000 3.867386e-44
4167.478000 3.885204e-44
4177.088000 3.903106e-44
4186.720000 3.921089e-44
4196.375000 3.939157e-44
4206.052000 3.957307e-44
4215.751000 3.975538e-44
4225.473000 3.993858e-44
4235.217000 4.012261e-44
4244.983000 4.030747e-44
4254.772000 4.049319e-44
4264.583000 4.067978e-44
4274.418000 4.086721e-44
4284.275000 4.105551e-44
4294.154000 4.124470e-44
4304.056000 4.143476e-44
4313.982000 4.162567e-44
4323.930000 4.181747e-44
4333.901000 4.201016e-44
4343.895000 4.220374e-44
4353.912000 4.239823e-44
4363.952000 4.259361e-44
4374.015000 4.278990e-44
4384.102000 4.298706e-44
4394.212000 4.318516e-44
4404.345000 4.338414e-44
4414.501000 4.358408e-44
4424.681000 4.378493e-44
4434.884000 4.398667e-44
4445.111000 4.418938e-44
4455.362000 4.439302e-44
4465.636000 4.459763e-44
4475.934000 4.480313e-44
4486.255000 4.500962e-44
4496.600000 4.521700e-44
4506.970000 4.542538e-44
4517.363000 4.563474e-44
4527.780000 4.584506e-44
4538.221000 4.605629e-44
4548.686000 4.626857e-44
4559.175000 4.648181e-44
4569.689000 4.669601e-44
4580.227000 4.691123e-44
4590.789000 4.712742e-44
4601.375000 4.734458e-44
4611.986000 4.756281e-44
4622.621000 4.778198e-44
4633.281000 4.800222e-44
4643.965000 4.822346e-44
4654.674000 4.844568e-44
4665.408000 4.866895e-44
4676.167000 4.889326e-44
4686.950000 4.911862e-44
4697.758000 4.934498e-44
4708.591000 4.957244e-44
4719.449000 4.980092e-44
4730.332000 5.003042e-44
4741.240000 5.026102e-44
4752.174000 5.049265e-44
4763.132000 5.072540e-44
4774.116000 5.095918e-44
4785.125000 5.119404e-44
4796.160000 5.143003e-44
4807.220000 5.166706e-44
4818.305000 5.190519e-44
4829.416000 5.214445e-44
4840.553000 5.238477e-44
4851.715000 5.262624e-44
4862.903000 5.286882e-44
4874.117000 5.311250e-44
4885.357000 5.335730e-44
4896.623000 5.360322e-44
4907.914000 5.385031e-44
4919.232000 5.409853e-44
4930.576000 5.434787e-44
4941.946000 5.459840e-44
4953.342000 5.485006e-44
4964.764000 5.510287e-44
4976.213000 5.535687e-44
4987.688000 5.561206e-44
4999.190000 5.586841e-44
5010.718000 5.612592e-44
5022.273000 5.638464e-44
5033.854000 5.664452e-44
5045.462000 5.690567e-44
5057.097000 5.716795e-44
5068.759000 5.743150e-44
5080.448000 5.769623e-44
5092.163000 5.796220e-44
5103.906000 5.822936e-44
5115.675000 5.849781e-44
5127.472000 5.876746e-44
5139.296000 5.903836e-44
5151.147000 5.931051e-44
5163.026000 5.958393e-44
5174.932000 5.985861e-44
5186.865000 6.013456e-44
5198.826000 6.041174e-44
5210.815000 6.069024e-44
5222.831000 6.097003e-44
5234.875000 6.125110e-44
5246.947000 6.153347e-44
5259.046000 6.181713e-44
5271.173000 6.210209e-44
5283.329000 6.238840e-44
5295.512000 6.267602e-44
5307.724000 6.296496e-44
5319.963000 6.325522e-44
5332.231000 6.354685e-44
5344.527000 6.383980e-44
5356.852000 6.413409e-44
5369.205000 6.442977e-44
5381.586000 6.472679e-44
5393.996000 6.502520e-44
5406.435000 6.532502e-44
5418.902000 6.562614e-44
5431.398000 6.592873e-44
5443.923000 6.623268e-44
5456.477000 6.653800e-44
5469.059000 6.684479e-44
5481.671000 6.715297e-44
5494.312000 6.746258e-44
5506.982000 6.777358e-44
5519.681000 6.808603e-44
5532.409000 6.839998e-44
5545.167000 6.871533e-44
5557.954000 6.903210e-44
5570.771000 6.935038e-44
5583.617000 6.967013e-44
5596.493000 6.999136e-44
5609.399000 7.031407e-44
5622.334000 7.063826e-44
5635.299000 7.096390e-44
5648.294000 7.129108e-44
5661.319000 7.161982e-44
5674.374000 7.195002e-44
5687.459000 7.228177e-44
5700.575000 7.261500e-44
5713.720000 7.294985e-44
5726.896000 7.328618e-44
5740.102000 7.362409e-44
5753.339000 7.396355e-44
5766.606000 7.430460e-44
5779.904000 7.464720e-44
5793.233000 7.499136e-44
5806.592000 7.533713e-44
5819.982000 7.568452e-44
5833.403000 7.603349e-44
5846.855000 7.638408e-44
5860.338000 7.673626e-44
5873.852000 7.709008e-44
5887.397000 7.744555e-44
5900.973000 7.780261e-44
5914.581000 7.816140e-44
5928.220000 7.852179e-44
5941.891000 7.888386e-44
5955.592000 7.924760e-44
5969.326000 7.961302e-44
5983.092000 7.998008e-44
5996.889000 8.034889e-44
6010.717000 8.071940e-44
6024.578000 8.109162e-44
6038.471000 8.146549e-44
6052.396000 8.184119e-44
6066.352000 8.221857e-44
6080.342000 8.259767e-44
6094.363000 8.297856e-44
6108.417000 8.336120e-44
6122.503000 8.374559e-44
6136.621000 8.413173e-44
6150.772000 8.451969e-44
6164.956000 8.490947e-44
6179.172000 8.530097e-44
6193.422000 8.569437e-44
6207.704000 8.608949e-44
6222.019000 8.648652e-44
6236.367000 8.688534e-44
6250.748000 8.728598e-44
6265.162000 8.768854e-44
6279.610000 8.809285e-44
6294.090000 8.849911e-44
6308.605000 8.890720e-44
6323.152000 8.931718e-44
6337.734000 8.972906e-44
6352.348000 9.014286e-44
6366.997000 9.055856e-44
6381.679000 9.097619e-44
6396.395000 9.139575e-44
6411.146000 9.181718e-44
6425.930000 9.224061e-44
6440.748000 9.266600e-44
6455.600000 9.309333e-44
6470.487000 9.352263e-44
6485.408000 9.395396e-44
6500.364000 9.438720e-44
6515.353000 9.482249e-44
6530.378000 9.525982e-44
6545.437000 9.569909e-44
6560.531000 9.614043e-44
6575.659000 9.658384e-44
6590.823000 9.702926e-44
6606.021000 9.747671e-44
6621.255000 9.792625e-44
6636.524000 9.837789e-44
6651.828000 9.883158e-44
6667.167000 9.928738e-44
6682.541000 9.974530e-44
6697.951000 1.002053e-43
6713.397000 1.006674e-43
6728.878000 1.011317e-43
6744.395000 1.015981e-43
6759.947000 1.020666e-43
6775.536000 1.025374e-43
6791.160000 1.030103e-43
6806.821000 1.034854e-43
6822.517000 1.039627e-43
6838.250000 1.044421e-43
6854.019000 1.049238e-43
6869.825000 1.054077e-43
6885.667000 1.058939e-43
6901.545000 1.063822e-43
6917.460000 1.068729e-43
6933.412000 1.073658e-43
6949.400000 1.078609e-43
6965.426000 1.083584e-43
6981.488000 1.088582e-43
6997.587000 1.093602e-43
7013.724000 1.098647e-43
7029.897000 1.103714e-43
7046.108000 1.108804e-43
7062.357000 1.113918e-43
7078.643000 1.119056e-43
7094.966000 1.124217e-43
7111.327000 1.129402e-43
7127.726000 1.134611e-43
7144.162000 1.139845e-43
7160.637000 1.145102e-43
7177.149000 1.150383e-43
7193.700000 1.155689e-43
7210.289000 1.161020e-43
7226.916000 1.166375e-43
7243.581000 1.171755e-43
7260.285000 1.177159e-43
7277.027000 1.182589e-43
7293.808000 1.188043e-43
7310.627000 1.193523e-43
7327.486000 1.199028e-43
7344.383000 1.204558e-43
7361.319000 1.210114e-43
7378.294000 1.215696e-43
7395.309000 1.221303e-43
7412.363000 1.226936e-43
7429.456000 1.232596e-43
7446.588000 1.238281e-43
7463.760000 1.243993e-43
7480.971000 1.249731e-43
7498.222000 1.255495e-43
7515.513000 1.261286e-43
7532.844000 1.267104e-43
7550.215000 1.272948e-43
7567.626000 1.278820e-43
7585.077000 1.284718e-43
7602.568000 1.290645e-43
7620.100000 1.296598e-43
7637.672000 1.302579e-43
7655.284000 1.308587e-43
7672.937000 1.314623e-43
7690.631000 1.320687e-43
7708.366000 1.326779e-43
7726.141000 1.332899e-43
7743.958000 1.339048e-43
7761.816000 1.345224e-43
7779.714000 1.351429e-43
7797.654000 1.357663e-43
7815.636000 1.363926e-43
7833.659000 1.370218e-43
7851.723000 1.376538e-43
7869.829000 1.382888e-43
7887.977000 1.389267e-43
7906.167000 1.395675e-43
7924.399000 1.402113e-43
7942.672000 1.408581e-43
7960.988000 1.415079e-43
7979.346000 1.421606e-43
7997.747000 1.428164e-43
8016.190000 1.434752e-43
8034.675000 1.441370e-43
8053.203000 1.448019e-43
8071.774000 1.454699e-43
8090.387000 1.461409e-43
8109.044000 1.468151e-43
8127.743000 1.474923e-43
8146.486000 1.481727e-43
8165.272000 1.488562e-43
8184.101000 1.495429e-43
8202.974000 1.502328e-43
8221.890000 1.509258e-43
8240.850000 1.516220e-43
8259.853000 1.523214e-43
8278.900000 1.530241e-43
8297.992000 1.537300e-43
8317.127000 1.544393e-43
8336.306000 1.551516e-43
8355.530000 1.558674e-43
8374.798000 1.565864e-43
8394.110000 1.573088e-43
8413.467000 1.580345e-43
8432.868000 1.587635e-43
8452.315000 1.594959e-43
8471.806000 1.602317e-43
8491.342000 1.609709e-43
8510.923000 1.617134e-43
8530.549000 1.624595e-43
8550.221000 1.632090e-43
8569.938000 1.639619e-43
8589.700000 1.647183e-43
8609.508000 1.654782e-43
8629.361000 1.662416e-43
8649.261000 1.670085e-43
8669.206000 1.677790e-43
8689.197000 1.685529e-43
8709.235000 1.693305e-43
8729.318000 1.701117e-43
8749.448000 1.708965e-43
8769.624000 1.716849e-43
8789.847000 1.724769e-43
8810.117000 1.732726e-43
8830.433000 1.740720e-43
8850.796000 1.748751e-43
8871.206000 1.756819e-43
8891.663000 1.764923e-43
8912.167000 1.773066e-43
8932.719000 1.781246e-43
8953.318000 1.789463e-43
8973.964000 1.797719e-43
8994.658000 1.806013e-43
9015.400000 1.814345e-43
9036.190000 1.822715e-43
9057.027000 1.831124e-43
9077.913000 1.839573e-43
9098.846000 1.848059e-43
9119.828000 1.856585e-43
9140.859000 1.865151e-43
9161.938000 1.873756e-43
9183.065000 1.882401e-43
9204.241000 1.891085e-43
9225.466000 1.899810e-43
9246.740000 1.908575e-43
9268.063000 1.917380e-43
9289.436000 1.926226e-43
9310.857000 1.935113e-43
9332.328000 1.944041e-43
9353.849000 1.953010e-43
9375.418000 1.962020e-43
9397.038000 1.971072e-43
9418.708000 1.980166e-43
9440.428000 1.989302e-43
9462.197000 1.998480e-43
9484.017000 2.007700e-43
9505.887000 2.016964e-43
9527.808000 2.026269e-43
9549.779000 2.035618e-43
9571.801000 2.045009e-43
9593.874000 2.054444e-43
9615.997000 2.063924e-43
9638.172000 2.073446e-43
9660.397000 2.083012e-43
9682.674000 2.092623e-43
9705.003000 2.102278e-43
9727.383000 2.111978e-43
9749.814000 2.121722e-43
9772.297000 2.131511e-43
9794.832000 2.141345e-43
9817.419000 2.151225e-43
9840.058000 2.161151e-43
9862.749000 2.171122e-43
9885.493000 2.181139e-43
9908.289000 2.191202e-43
9931.138000 2.201313e-43
9954.039000 2.211469e-43
9976.993000 2.221672e-43
10000.000000 2.231923e-43
