9.000000 3.182082e-42
9.020400 4.879009e-42
9.040846 8.668673e-42
9.061338 2.029994e-41
9.081877 9.923379e-41
9.102462 1.711028e-39
9.123094 4.399612e-41
9.143773 1.290713e-41
9.164499 6.070365e-42
9.185272 3.528988e-42
9.206091 2.318646e-42
9.226958 1.651207e-42
9.247872 1.245469e-42
9.268834 9.809999e-43
9.289843 7.993125e-43
9.310900 6.692591e-43
9.332005 5.730317e-43
9.353157 4.998609e-43
9.374357 4.429290e-43
9.395605 3.977532e-43
9.416902 3.612900e-43
9.438247 3.314152e-43
9.459640 3.066118e-43
9.481082 2.857727e-43
9.502572 2.680754e-43
9.524111 2.528991e-43
9.545698 2.397680e-43
9.567335 2.283129e-43
9.589021 2.182438e-43
9.610756 2.093304e-43
9.632540 2.013882e-43
9.654373 1.942680e-43
9.676256 1.878479e-43
9.698189 1.820277e-43
9.720171 1.767248e-43
9.742204 1.718700e-43
9.764286 1.674055e-43
9.786418 1.632826e-43
9.808600 1.594597e-43
9.830833 1.559018e-43
9.853116 1.525786e-43
9.875449 1.494642e-43
9.897833 1.465363e-43
9.920268 1.437754e-43
9.942754 1.411646e-43
9.965291 1.386893e-43
9.987878 1.363363e-43
10.010520 1.340945e-43
10.033210 1.319538e-43
10.055950 1.299055e-43
10.078740 1.279414e-43
10.101590 1.260548e-43
10.124480 1.242393e-43
10.147430 1.224895e-43
10.170430 1.208002e-43
10.193490 1.191671e-43
10.216590 1.175861e-43
10.239750 1.160535e-43
10.262960 1.145661e-43
10.286220 1.131210e-43
10.309540 1.117152e-43
10.332900 1.103465e-43
10.356330 1.090126e-43
10.379800 1.077114e-43
10.403330 1.064412e-43
10.426910 1.052000e-43
10.450540 1.039865e-43
10.474230 1.027991e-43
10.497970 1.016366e-43
10.521770 1.004976e-43
10.545610 9.938111e-44
10.569520 9.828607e-44
10.593470 9.721151e-44
10.617490 9.615655e-44
10.641550 9.512031e-44
10.665670 9.410207e-44
10.689850 9.310108e-44
10.714080 9.211668e-44
10.738360 9.114826e-44
10.762700 9.019523e-44
10.787100 8.925700e-44
10.811550 8.833313e-44
10.836050 8.742311e-44
10.860620 8.652652e-44
10.885230 8.564285e-44
10.909910 8.477182e-44
10.934640 8.391294e-44
10.959420 8.306593e-44
10.984260 8.223044e-44
11.009160 8.140613e-44
11.034110 8.059274e-44
11.059120 7.978992e-44
11.084190 7.899748e-44
11.109320 7.821514e-44
11.134490 7.744265e-44
11.159730 7.667976e-44
11.185030 7.592631e-44
11.210380 7.518202e-44
11.235790 7.444669e-44
11.261260 7.372018e-44
11.286780 7.300231e-44
11.312370 7.229280e-44
11.338010 7.159162e-44
11.363710 7.089854e-44
11.389460 7.021339e-44
11.415280 6.953606e-44
11.441160 6.886641e-44
11.467090 6.820423e-44
11.493080 6.754952e-44
11.519130 6.690200e-44
11.545240 6.626166e-44
11.571410 6.562829e-44
11.597640 6.500185e-44
11.623920 6.438221e-44
11.650270 6.376928e-44
11.676680 6.316290e-44
11.703150 6.256297e-44
11.729670 6.196943e-44
11.756260 6.138219e-44
11.782910 6.080115e-44
11.809620 6.022622e-44
11.836380 5.965728e-44
11.863210 5.909430e-44
11.890100 5.853714e-44
11.917050 5.798575e-44
11.944060 5.744003e-44
11.971140 5.689990e-44
11.998270 5.636536e-44
12.025470 5.583627e-44
12.052730 5.531250e-44
12.080040 5.479415e-44
12.107420 5.428099e-44
12.134870 5.377302e-44
12.162370 5.327016e-44
12.189940 5.277234e-44
12.217570 5.227954e-44
12.245260 5.179166e-44
12.273020 5.130864e-44
12.300840 5.083045e-44
12.328720 5.035698e-44
12.356660 4.988822e-44
12.384670 4.942414e-44
12.412740 4.896457e-44
12.440880 4.850958e-44
12.469080 4.805907e-44
12.497340 4.761294e-44
12.525670 4.717124e-44
12.554060 4.673384e-44
12.582520 4.630071e-44
12.611040 4.587179e-44
12.639620 4.544708e-44
12.668270 4.502651e-44
12.696980 4.461000e-44
12.725760 4.419754e-44
12.754610 4.378908e-44
12.783520 4.338456e-44
12.812500 4.298395e-44
12.841540 4.258721e-44
12.870640 4.219430e-44
12.899820 4.180516e-44
12.929060 4.141974e-44
12.958360 4.103805e-44
12.987730 4.066002e-44
13.017170 4.028563e-44
13.046680 3.991481e-44
13.076250 3.954753e-44
13.105890 3.918373e-44
13.135600 3.882342e-44
13.165370 3.846655e-44
13.195210 3.811311e-44
13.225120 3.776298e-44
13.255100 3.741621e-44
13.285140 3.707273e-44
13.315250 3.673248e-44
13.345430 3.639548e-44
13.375680 3.606167e-44
13.406000 3.573102e-44
13.436390 3.540351e-44
13.466840 3.507908e-44
13.497370 3.475771e-44
13.527960 3.443938e-44
13.558620 3.412403e-44
13.589360 3.381167e-44
13.620160 3.350225e-44
13.651030 3.319575e-44
13.681970 3.289210e-44
13.712980 3.259133e-44
13.744070 3.229338e-44
13.775220 3.199820e-44
13.806440 3.170583e-44
13.837740 3.141618e-44
13.869100 3.112924e-44
13.900540 3.084498e-44
13.932050 3.056336e-44
13.963630 3.028442e-44
13.995280 3.000804e-44
14.027000 2.973428e-44
14.058790 2.946304e-44
14.090660 2.919434e-44
14.122600 2.892816e-44
14.154610 2.866445e-44
14.186690 2.840320e-44
14.218850 2.814439e-44
14.251080 2.788796e-44
14.283380 2.763394e-44
14.315760 2.738227e-44
14.348200 2.713294e-44
14.380730 2.688590e-44
14.413320 2.664119e-44
14.445990 2.639874e-44
14.478740 2.615853e-44
14.511550 2.592055e-44
14.544450 2.568477e-44
14.577410 2.545119e-44
14.610460 2.521976e-44
14.643570 2.499046e-44
14.676760 2.476330e-44
14.710030 2.453825e-44
14.743370 2.431526e-44
14.776790 2.409433e-44
14.810290 2.387544e-44
14.843850 2.365859e-44
14.877500 2.344374e-44
14.911220 2.323085e-44
14.945020 2.301993e-44
14.978900 2.281097e-44
15.012850 2.260392e-44
15.046880 2.239880e-44
15.080980 2.219555e-44
15.115170 2.199417e-44
15.149430 2.179465e-44
15.183760 2.159698e-44
15.218180 2.140112e-44
15.252680 2.120705e-44
15.287250 2.101476e-44
15.321900 2.082425e-44
15.356630 2.063549e-44
15.391440 2.044849e-44
15.426320 2.026318e-44
15.461290 2.007957e-44
15.496330 1.989764e-44
15.531460 1.971738e-44
15.566660 1.953881e-44
15.601950 1.936183e-44
15.637310 1.918652e-44
15.672760 1.901280e-44
15.708280 1.884066e-44
15.743890 1.867011e-44
15.779570 1.850111e-44
15.815340 1.833367e-44
15.851180 1.816775e-44
15.887110 1.800336e-44
15.923130 1.784046e-44
15.959220 1.767908e-44
15.995390 1.751917e-44
16.031650 1.736070e-44
16.067980 1.720371e-44
16.104400 1.704813e-44
16.140910 1.689399e-44
16.177490 1.674125e-44
16.214160 1.658990e-44
16.250910 1.643996e-44
16.287750 1.629136e-44
16.324670 1.614414e-44
16.361670 1.599825e-44
16.398760 1.585371e-44
16.435930 1.571047e-44
16.473180 1.556855e-44
16.510520 1.542793e-44
16.547940 1.528858e-44
16.585450 1.515051e-44
16.623040 1.501370e-44
16.660720 1.487812e-44
16.698490 1.474379e-44
16.736340 1.461069e-44
16.774270 1.447880e-44
16.812290 1.434813e-44
16.850400 1.421863e-44
16.888590 1.409031e-44
16.926870 1.396316e-44
16.965240 1.383719e-44
17.003700 1.371234e-44
17.042240 1.358863e-44
17.080870 1.346607e-44
17.119580 1.334462e-44
17.158390 1.322426e-44
17.197280 1.310501e-44
17.236260 1.298684e-44
17.275330 1.286975e-44
17.314480 1.275370e-44
17.353730 1.263873e-44
17.393060 1.252481e-44
17.432490 1.241192e-44
17.472000 1.230005e-44
17.511600 1.218922e-44
17.551300 1.207937e-44
17.591080 1.197055e-44
17.630950 1.186270e-44
17.670920 1.175583e-44
17.710970 1.164994e-44
17.751110 1.154501e-44
17.791350 1.144102e-44
17.831680 1.133799e-44
17.872090 1.123589e-44
17.912600 1.113472e-44
17.953200 1.103447e-44
17.993900 1.093514e-44
18.034680 1.083671e-44
18.075560 1.073916e-44
18.116530 1.064250e-44
18.157600 1.054674e-44
18.198750 1.045181e-44
18.240000 1.035776e-44
18.281350 1.026459e-44
18.322780 1.017224e-44
18.364320 1.008072e-44
18.405940 9.990052e-45
18.447660 9.900198e-45
18.489470 9.811160e-45
18.531380 9.722930e-45
18.573390 9.635501e-45
18.615490 9.548866e-45
18.657680 9.463017e-45
18.699970 9.377947e-45
18.742360 9.293648e-45
18.784840 9.210114e-45
18.827420 9.127337e-45
18.870090 9.045313e-45
18.912870 8.964032e-45
18.955730 8.883487e-45
18.998700 8.803673e-45
19.041760 8.724584e-45
19.084920 8.646210e-45
19.128180 8.568548e-45
19.171540 8.491589e-45
19.214990 8.415330e-45
19.258550 8.339761e-45
19.302200 8.264877e-45
19.345950 8.190672e-45
19.389800 8.117138e-45
19.433750 8.044271e-45
19.477800 7.972065e-45
19.521950 7.900515e-45
19.566200 7.829611e-45
19.610550 7.759350e-45
19.655000 7.689726e-45
19.699550 7.620731e-45
19.744200 7.552363e-45
19.788960 7.484613e-45
19.833810 7.417478e-45
19.878770 7.350950e-45
19.923830 7.285025e-45
19.968980 7.219697e-45
20.014250 7.154961e-45
20.059610 7.090810e-45
20.105080 7.027241e-45
20.150650 6.964248e-45
20.196330 6.901824e-45
20.242100 6.839967e-45
20.287980 6.778669e-45
20.333970 6.717925e-45
20.380060 6.657731e-45
20.426260 6.598082e-45
20.472550 6.538974e-45
20.518960 6.480400e-45
20.565470 6.422357e-45
20.612080 6.364839e-45
20.658800 6.307841e-45
20.705630 6.251358e-45
20.752560 6.195388e-45
20.799600 6.139923e-45
20.846740 6.084961e-45
20.894000 6.030495e-45
20.941360 5.976522e-45
20.988820 5.923039e-45
21.036400 5.870038e-45
21.084080 5.817517e-45
21.131870 5.765471e-45
21.179770 5.713895e-45
21.227770 5.662787e-45
21.275890 5.612140e-45
21.324110 5.561951e-45
21.372450 5.512216e-45
21.420890 5.462932e-45
21.469450 5.414093e-45
21.518110 5.365694e-45
21.566880 5.317735e-45
21.615770 5.270208e-45
21.664760 5.223112e-45
21.713870 5.176441e-45
21.763090 5.130192e-45
21.812420 5.084362e-45
21.861860 5.038944e-45
21.911410 4.993938e-45
21.961080 4.949339e-45
22.010850 4.905144e-45
22.060750 4.861347e-45
22.110750 4.817945e-45
22.160870 4.774937e-45
22.211100 4.732317e-45
22.261440 4.690083e-45
22.311900 4.648230e-45
22.362470 4.606755e-45
22.413160 4.565655e-45
22.463960 4.524926e-45
22.514880 4.484566e-45
22.565910 4.444570e-45
22.617060 4.404934e-45
22.668330 4.365659e-45
22.719710 4.326737e-45
22.771210 4.288167e-45
22.822820 4.249945e-45
22.874550 4.212068e-45
22.926400 4.174535e-45
22.978370 4.137339e-45
23.030450 4.100480e-45
23.082650 4.063953e-45
23.134970 4.027757e-45
23.187410 3.991888e-45
23.239970 3.956342e-45
23.292650 3.921118e-45
23.345440 3.886211e-45
23.398360 3.851620e-45
23.451390 3.817341e-45
23.504550 3.783372e-45
23.557830 3.749708e-45
23.611220 3.716350e-45
23.664740 3.683292e-45
23.718380 3.650533e-45
23.772140 3.618071e-45
23.826030 3.585899e-45
23.880030 3.554020e-45
23.934160 3.522428e-45
23.988410 3.491121e-45
24.042780 3.460097e-45
24.097280 3.429353e-45
24.151900 3.398887e-45
24.206640 3.368695e-45
24.261510 3.338776e-45
24.316500 3.309127e-45
24.371620 3.279745e-45
24.426860 3.250629e-45
24.482230 3.221776e-45
24.537720 3.193182e-45
24.593340 3.164848e-45
24.649080 3.136768e-45
24.704950 3.108942e-45
24.760950 3.081367e-45
24.817070 3.054041e-45
24.873330 3.026962e-45
24.929700 3.000126e-45
24.986210 2.973533e-45
25.042850 2.947180e-45
25.099610 2.921065e-45
25.156500 2.895185e-45
25.213520 2.869539e-45
25.270670 2.844124e-45
25.327950 2.818938e-45
25.385360 2.793980e-45
25.442900 2.769246e-45
25.500570 2.744736e-45
25.558370 2.720448e-45
25.616300 2.696377e-45
25.674370 2.672524e-45
25.732560 2.648887e-45
25.790890 2.625462e-45
25.849350 2.602249e-45
25.907940 2.579245e-45
25.966660 2.556448e-45
26.025520 2.533858e-45
26.084510 2.511470e-45
26.143630 2.489286e-45
26.202890 2.467300e-45
26.262280 2.445513e-45
26.321810 2.423923e-45
26.381470 2.402526e-45
26.441270 2.381324e-45
26.501200 2.360312e-45
26.561270 2.339490e-45
26.621480 2.318855e-45
26.681820 2.298407e-45
26.742300 2.278142e-45
26.802910 2.258061e-45
26.863670 2.238160e-45
26.924560 2.218439e-45
26.985580 2.198896e-45
27.046750 2.179529e-45
27.108060 2.160336e-45
27.169500 2.141317e-45
27.231080 2.122469e-45
27.292810 2.103791e-45
27.354670 2.085281e-45
27.416670 2.066938e-45
27.478820 2.048761e-45
27.541100 2.030747e-45
27.603530 2.012895e-45
27.666090 1.995204e-45
27.728800 1.977673e-45
27.791650 1.960300e-45
27.854650 1.943083e-45
27.917790 1.926022e-45
27.981070 1.909114e-45
28.044490 1.892359e-45
28.108060 1.875754e-45
28.171770 1.859300e-45
28.235620 1.842993e-45
28.299620 1.826833e-45
28.363770 1.810820e-45
28.428060 1.794950e-45
28.492490 1.779223e-45
28.557080 1.763638e-45
28.621800 1.748193e-45
28.686680 1.732888e-45
28.751700 1.717720e-45
28.816870 1.702689e-45
28.882190 1.687793e-45
28.947660 1.673032e-45
29.013270 1.658403e-45
29.079030 1.643907e-45
29.144940 1.629541e-45
29.211010 1.615304e-45
29.277220 1.601195e-45
29.343580 1.587214e-45
29.410090 1.573358e-45
29.476750 1.559628e-45
29.543560 1.546021e-45
29.610530 1.532535e-45
29.677650 1.519173e-45
29.744910 1.505930e-45
29.812340 1.492806e-45
29.879910 1.479801e-45
29.947640 1.466912e-45
30.015520 1.454140e-45
30.083550 1.441483e-45
30.151740 1.428940e-45
30.220080 1.416510e-45
30.288580 1.404191e-45
30.357230 1.391984e-45
30.426040 1.379886e-45
30.495010 1.367897e-45
30.564130 1.356017e-45
30.633410 1.344243e-45
30.702840 1.332575e-45
30.772440 1.321012e-45
30.842190 1.309553e-45
30.912090 1.298198e-45
30.982160 1.286945e-45
31.052390 1.275792e-45
31.122770 1.264740e-45
31.193310 1.253788e-45
31.264020 1.242935e-45
31.334880 1.232178e-45
31.405910 1.221519e-45
31.477090 1.210956e-45
31.548440 1.200488e-45
31.619950 1.190114e-45
31.691620 1.179833e-45
31.763460 1.169645e-45
31.835450 1.159549e-45
31.907610 1.149543e-45
31.979940 1.139628e-45
32.052420 1.129802e-45
32.125070 1.120064e-45
32.197890 1.110413e-45
32.270870 1.100849e-45
32.344020 1.091372e-45
32.417330 1.081980e-45
32.490810 1.072672e-45
32.564450 1.063448e-45
32.638270 1.054307e-45
32.712250 1.045248e-45
32.786390 1.036271e-45
32.860710 1.027374e-45
32.935190 1.018558e-45
33.009840 1.009820e-45
33.084670 1.001162e-45
33.159660 9.925808e-46
33.234820 9.840775e-46
33.310150 9.756502e-46
33.385650 9.672989e-46
33.461320 9.590226e-46
33.537170 9.508207e-46
33.613190 9.426926e-46
33.689370 9.346374e-46
33.765740 9.266551e-46
33.842270 9.187440e-46
33.918980 9.109048e-46
33.995860 9.031353e-46
34.072920 8.954362e-46
34.150150 8.878064e-46
34.227560 8.802448e-46
34.305140 8.727510e-46
34.382890 8.653252e-46
34.460830 8.579656e-46
34.538940 8.506725e-46
34.617230 8.434447e-46
34.695690 8.362820e-46
34.774340 8.291837e-46
34.853160 8.221490e-46
34.932160 8.151779e-46
35.011330 8.082689e-46
35.090690 8.014227e-46
35.170230 7.946378e-46
35.249950 7.879137e-46
35.329850 7.812500e-46
35.409930 7.746464e-46
35.490190 7.681018e-46
35.570630 7.616159e-46
35.651260 7.551889e-46
35.732070 7.488191e-46
35.813060 7.425069e-46
35.894240 7.362512e-46
35.975590 7.300518e-46
36.057140 7.239081e-46
36.138870 7.178193e-46
36.220780 7.117856e-46
36.302880 7.058060e-46
36.385170 6.998803e-46
36.467640 6.940074e-46
36.550300 6.881876e-46
36.633140 6.824200e-46
36.716180 6.767043e-46
36.799400 6.710395e-46
36.882810 6.654259e-46
36.966410 6.598626e-46
37.050200 6.543492e-46
37.134180 6.488854e-46
37.218350 6.434710e-46
37.302710 6.381050e-46
37.387260 6.327871e-46
37.472010 6.275170e-46
37.556940 6.222939e-46
37.642070 6.171180e-46
37.727390 6.119884e-46
37.812910 6.069054e-46
37.898620 6.018676e-46
37.984520 5.968747e-46
38.070620 5.919270e-46
38.156910 5.870241e-46
38.243400 5.821647e-46
38.330080 5.773491e-46
38.416960 5.725765e-46
38.504040 5.678470e-46
38.591310 5.631599e-46
38.678790 5.585144e-46
38.766460 5.539113e-46
38.854330 5.493492e-46
38.942400 5.448280e-46
39.030660 5.403472e-46
39.119130 5.359068e-46
39.207800 5.315063e-46
39.296670 5.271451e-46
39.385750 5.228233e-46
39.475020 5.185403e-46
39.564490 5.142953e-46
39.654170 5.100890e-46
39.744050 5.059198e-46
39.834140 5.017882e-46
39.924430 4.976937e-46
40.014920 4.936360e-46
40.105620 4.896148e-46
40.196530 4.856294e-46
40.287640 4.816800e-46
40.378960 4.777660e-46
40.470480 4.738867e-46
40.562220 4.700428e-46
40.654160 4.662330e-46
40.746300 4.624573e-46
40.838660 4.587157e-46
40.931230 4.550073e-46
41.024000 4.513326e-46
41.116990 4.476906e-46
41.210190 4.440810e-46
41.303600 4.405041e-46
41.397220 4.369592e-46
41.491050 4.334462e-46
41.585100 4.299643e-46
41.679350 4.265142e-46
41.773830 4.230945e-46
41.868510 4.197057e-46
41.963410 4.163473e-46
42.058530 4.130186e-46
42.153860 4.097203e-46
42.249410 4.064510e-46
42.345170 4.032116e-46
42.441160 4.000008e-46
42.537350 3.968188e-46
42.633770 3.936653e-46
42.730410 3.905402e-46
42.827260 3.874429e-46
42.924340 3.843737e-46
43.021630 3.813318e-46
43.119150 3.783169e-46
43.216880 3.753294e-46
43.314840 3.723684e-46
43.413020 3.694342e-46
43.511420 3.665260e-46
43.610040 3.636439e-46
43.708890 3.607876e-46
43.807970 3.579569e-46
43.907260 3.551517e-46
44.006780 3.523715e-46
44.106530 3.496160e-46
44.206500 3.468854e-46
44.306710 3.441793e-46
44.407130 3.414975e-46
44.507790 3.388394e-46
44.608670 3.362052e-46
44.709780 3.335945e-46
44.811120 3.310074e-46
44.912700 3.284431e-46
45.014500 3.259021e-46
45.116530 3.233836e-46
45.218790 3.208877e-46
45.321290 3.184144e-46
45.424010 3.159631e-46
45.526970 3.135336e-46
45.630170 3.111259e-46
45.733590 3.087397e-46
45.837260 3.063750e-46
45.941150 3.040312e-46
46.045280 3.017086e-46
46.149650 2.994066e-46
46.254260 2.971252e-46
46.359100 2.948642e-46
46.464180 2.926234e-46
46.569500 2.904028e-46
46.675050 2.882022e-46
46.780850 2.860208e-46
46.886880 2.838591e-46
46.993160 2.817171e-46
47.099680 2.795938e-46
47.206440 2.774896e-46
47.313440 2.754043e-46
47.420680 2.733378e-46
47.528170 2.712892e-46
47.635890 2.692595e-46
47.743870 2.672476e-46
47.852090 2.652540e-46
47.960550 2.632779e-46
48.069260 2.613195e-46
48.178220 2.593788e-46
48.287420 2.574552e-46
48.396870 2.555490e-46
48.506570 2.536598e-46
48.616510 2.517874e-46
48.726710 2.499318e-46
48.837160 2.480924e-46
48.947850 2.462699e-46
49.058800 2.444635e-46
49.170000 2.426735e-46
49.281450 2.408990e-46
49.393150 2.391406e-46
49.505110 2.373981e-46
49.617320 2.356710e-46
49.729780 2.339591e-46
49.842510 2.322628e-46
49.955480 2.305815e-46
50.068710 2.289151e-46
50.182200 2.272638e-46
50.295940 2.256271e-46
50.409950 2.240051e-46
50.524210 2.223976e-46
50.638730 2.208041e-46
50.753510 2.192253e-46
50.868550 2.176605e-46
50.983850 2.161094e-46
51.099410 2.145724e-46
51.215240 2.130491e-46
51.331320 2.115393e-46
51.447670 2.100427e-46
51.564290 2.085598e-46
51.681160 2.070902e-46
51.798310 2.056336e-46
51.915720 2.041898e-46
52.033390 2.027591e-46
52.151330 2.013411e-46
52.269540 1.999356e-46
52.388020 1.985428e-46
52.506760 1.971626e-46
52.625770 1.957943e-46
52.745060 1.944385e-46
52.864610 1.930946e-46
52.984440 1.917629e-46
53.104530 1.904428e-46
53.224900 1.891346e-46
53.345550 1.878383e-46
53.466460 1.865533e-46
53.587650 1.852797e-46
53.709110 1.840174e-46
53.830850 1.827666e-46
53.952870 1.815268e-46
54.075160 1.802980e-46
54.197730 1.790803e-46
54.320580 1.778734e-46
54.443700 1.766773e-46
54.567110 1.754918e-46
54.690790 1.743166e-46
54.814760 1.731522e-46
54.939000 1.719980e-46
55.063530 1.708542e-46
55.188340 1.697204e-46
55.313430 1.685970e-46
55.438810 1.674835e-46
55.564470 1.663798e-46
55.690410 1.652860e-46
55.816640 1.642019e-46
55.943160 1.631276e-46
56.069960 1.620626e-46
56.197050 1.610072e-46
56.324430 1.599613e-46
56.452100 1.589246e-46
56.580060 1.578971e-46
56.708300 1.568786e-46
56.836840 1.558695e-46
56.965670 1.548693e-46
57.094790 1.538778e-46
57.224200 1.528952e-46
57.353910 1.519214e-46
57.483910 1.509564e-46
57.614210 1.499998e-46
57.744800 1.490516e-46
57.875680 1.481121e-46
58.006870 1.471808e-46
58.138350 1.462578e-46
58.270130 1.453430e-46
58.402210 1.444364e-46
58.534580 1.435379e-46
58.667260 1.426472e-46
58.800240 1.417645e-46
58.933520 1.408898e-46
59.067100 1.400227e-46
59.200980 1.391633e-46
59.335170 1.383117e-46
59.469660 1.374677e-46
59.604460 1.366309e-46
59.739560 1.358017e-46
59.874970 1.349800e-46
60.010680 1.341654e-46
60.146700 1.333582e-46
60.283040 1.325579e-46
60.419680 1.317649e-46
60.556630 1.309791e-46
60.693890 1.302002e-46
60.831460 1.294279e-46
60.969340 1.286627e-46
61.107540 1.279043e-46
61.246050 1.271527e-46
61.384870 1.264077e-46
61.524010 1.256695e-46
61.663460 1.249376e-46
61.803230 1.242124e-46
61.943310 1.234934e-46
62.083720 1.227808e-46
62.224440 1.220747e-46
62.365480 1.213747e-46
62.506840 1.206812e-46
62.648520 1.199936e-46
62.790520 1.193121e-46
62.932850 1.186368e-46
63.075490 1.179674e-46
63.218460 1.173041e-46
63.361760 1.166465e-46
63.505380 1.159948e-46
63.649320 1.153489e-46
63.793590 1.147086e-46
63.938190 1.140741e-46
64.083110 1.134453e-46
64.228370 1.128220e-46
64.373950 1.122042e-46
64.519860 1.115918e-46
64.666110 1.109850e-46
64.812680 1.103836e-46
64.959590 1.097874e-46
65.106830 1.091964e-46
65.254400 1.086110e-46
65.402310 1.080305e-46
65.550550 1.074552e-46
65.699130 1.068850e-46
65.848050 1.063198e-46
65.997300 1.057598e-46
66.146900 1.052046e-46
66.296830 1.046545e-46
66.447100 1.041092e-46
66.597710 1.035687e-46
66.748670 1.030329e-46
66.899960 1.025021e-46
67.051600 1.019757e-46
67.203580 1.014542e-46
67.355910 1.009372e-46
67.508580 1.004249e-46
67.661600 9.991702e-47
67.814960 9.941368e-47
67.968670 9.891482e-47
68.122740 9.842039e-47
68.277150 9.793032e-47
68.431910 9.744462e-47
68.587010 9.696321e-47
68.742480 9.648606e-47
68.898290 9.601315e-47
69.054460 9.554445e-47
69.210980 9.507988e-47
69.367860 9.461943e-47
69.525090 9.416307e-47
69.682680 9.371076e-47
69.840630 9.326246e-47
69.998930 9.281812e-47
70.157590 9.237772e-47
70.316610 9.194123e-47
70.476000 9.150860e-47
70.635740 9.107982e-47
70.795850 9.065485e-47
70.956320 9.023362e-47
71.117150 8.981614e-47
71.278350 8.940236e-47
71.439910 8.899224e-47
71.601840 8.858576e-47
71.764130 8.818290e-47
71.926800 8.778358e-47
72.089830 8.738781e-47
72.253230 8.699556e-47
72.417000 8.660679e-47
72.581150 8.622146e-47
72.745660 8.583954e-47
72.910550 8.546102e-47
73.075810 8.508585e-47
73.241450 8.471400e-47
73.407460 8.434545e-47
73.573850 8.398018e-47
73.740620 8.361815e-47
73.907760 8.325931e-47
74.075280 8.290367e-47
74.243180 8.255118e-47
74.411470 8.220182e-47
74.580130 8.185556e-47
74.749180 8.151235e-47
74.918610 8.117221e-47
75.088420 8.083508e-47
75.258620 8.050093e-47
75.429210 8.016976e-47
75.600180 7.984153e-47
75.771540 7.951621e-47
75.943280 7.919377e-47
76.115420 7.887420e-47
76.287950 7.855747e-47
76.460860 7.824354e-47
76.634170 7.793240e-47
76.807870 7.762403e-47
76.981970 7.731840e-47
77.156460 7.701547e-47
77.331350 7.671523e-47
77.506630 7.641767e-47
77.682310 7.612275e-47
77.858390 7.583045e-47
78.034870 7.554075e-47
78.211740 7.525363e-47
78.389020 7.496905e-47
78.566700 7.468700e-47
78.744780 7.440746e-47
78.923270 7.413041e-47
79.102160 7.385582e-47
79.281460 7.358368e-47
79.461160 7.331396e-47
79.641270 7.304663e-47
79.821790 7.278168e-47
80.002720 7.251909e-47
80.184050 7.225884e-47
80.365800 7.200091e-47
80.547960 7.174527e-47
80.730540 7.149191e-47
80.913530 7.124081e-47
81.096930 7.099193e-47
81.280740 7.074529e-47
81.464980 7.050084e-47
81.649630 7.025856e-47
81.834700 7.001845e-47
82.020190 6.978049e-47
82.206100 6.954464e-47
82.392430 6.931090e-47
82.579190 6.907925e-47
82.766370 6.884967e-47
82.953970 6.862212e-47
83.141990 6.839662e-47
83.330450 6.817313e-47
83.519330 6.795165e-47
83.708640 6.773213e-47
83.898380 6.751459e-47
84.088540 6.729897e-47
84.279140 6.708531e-47
84.470170 6.687353e-47
84.661640 6.666368e-47
84.853530 6.645569e-47
85.045870 6.624957e-47
85.238640 6.604528e-47
85.431840 6.584284e-47
85.625480 6.564221e-47
85.819570 6.544338e-47
86.014090 6.524633e-47
86.209050 6.505106e-47
86.404460 6.485754e-47
86.600310 6.466575e-47
86.796600 6.447568e-47
86.993340 6.428733e-47
87.190520 6.410068e-47
87.388150 6.391569e-47
87.586230 6.373238e-47
87.784750 6.355071e-47
87.983730 6.337069e-47
88.183160 6.319229e-47
88.383040 6.301550e-47
88.583370 6.284029e-47
88.784160 6.266667e-47
88.985400 6.249462e-47
89.187100 6.232412e-47
89.389250 6.215517e-47
89.591870 6.198773e-47
89.794940 6.182183e-47
89.998470 6.165742e-47
90.202470 6.149450e-47
90.406920 6.133305e-47
90.611840 6.117308e-47
90.817230 6.101455e-47
91.023080 6.085746e-47
91.229390 6.070178e-47
91.436180 6.054754e-47
91.643430 6.039470e-47
91.851160 6.024324e-47
92.059350 6.009318e-47
92.268020 5.994446e-47
92.477150 5.979712e-47
92.686770 5.965111e-47
92.896860 5.950644e-47
93.107420 5.936310e-47
93.318460 5.922106e-47
93.529980 5.908031e-47
93.741980 5.894087e-47
93.954460 5.880270e-47
94.167420 5.866580e-47
94.380860 5.853015e-47
94.594790 5.839575e-47
94.809210 5.826258e-47
95.024100 5.813065e-47
95.239490 5.799992e-47
95.455360 5.787040e-47
95.671730 5.774208e-47
95.888580 5.761495e-47
96.105930 5.748898e-47
96.323760 5.736419e-47
96.542100 5.724054e-47
96.760920 5.711806e-47
96.980240 5.699670e-47
97.200060 5.687647e-47
97.420380 5.675736e-47
97.641200 5.663935e-47
97.862520 5.652244e-47
98.084340 5.640663e-47
98.306660 5.629190e-47
98.529480 5.617825e-47
98.752820 5.606565e-47
98.976650 5.595411e-47
99.201000 5.584361e-47
99.425850 5.573415e-47
99.651210 5.562573e-47
99.877090 5.551832e-47
100.103500 5.541193e-47
100.330400 5.530654e-47
100.557800 5.520215e-47
100.785700 5.509875e-47
101.014200 5.499631e-47
101.243100 5.489487e-47
101.472600 5.479437e-47
101.702600 5.469484e-47
101.933100 5.459626e-47
102.164200 5.449862e-47
102.395800 5.440191e-47
102.627800 5.430613e-47
102.860500 5.421125e-47
103.093600 5.411730e-47
103.327300 5.402425e-47
103.561500 5.393209e-47
103.796200 5.384083e-47
104.031500 5.375044e-47
104.267300 5.366093e-47
104.503600 5.357228e-47
104.740500 5.348452e-47
104.977900 5.339758e-47
105.215900 5.331151e-47
105.454400 5.322628e-47
105.693400 5.314187e-47
105.933000 5.305829e-47
106.173100 5.297553e-47
106.413700 5.289359e-47
106.654900 5.281246e-47
106.896700 5.273213e-47
107.139000 5.265260e-47
107.381800 5.257385e-47
107.625200 5.249589e-47
107.869200 5.241870e-47
108.113700 5.234229e-47
108.358700 5.226664e-47
108.604300 5.219175e-47
108.850500 5.211761e-47
109.097200 5.204422e-47
109.344500 5.197157e-47
109.592300 5.189966e-47
109.840700 5.182848e-47
110.089700 5.175802e-47
110.339300 5.168828e-47
110.589400 5.161925e-47
110.840000 5.155094e-47
111.091300 5.148332e-47
111.343100 5.141640e-47
111.595400 5.135018e-47
111.848400 5.128463e-47
112.101900 5.121979e-47
112.356000 5.115560e-47
112.610700 5.109209e-47
112.865900 5.102925e-47
113.121800 5.096706e-47
113.378200 5.090554e-47
113.635100 5.084467e-47
113.892700 5.078444e-47
114.150900 5.072486e-47
114.409600 5.066591e-47
114.668900 5.060759e-47
114.928800 5.054991e-47
115.189400 5.049283e-47
115.450400 5.043640e-47
115.712100 5.038057e-47
115.974400 5.032535e-47
116.237300 5.027072e-47
116.500700 5.021671e-47
116.764800 5.016329e-47
117.029500 5.011046e-47
117.294700 5.005821e-47
117.560600 5.000656e-47
117.827100 4.995549e-47
118.094100 4.990498e-47
118.361800 4.985505e-47
118.630100 4.980570e-47
118.899000 4.975690e-47
119.168500 4.970865e-47
119.438600 4.966097e-47
119.709300 4.961384e-47
119.980700 4.956725e-47
120.252600 4.952120e-47
120.525200 4.947571e-47
120.798400 4.943073e-47
121.072200 4.938630e-47
121.346600 4.934239e-47
121.621700 4.929902e-47
121.897300 4.925616e-47
122.173600 4.921382e-47
122.450600 4.917199e-47
122.728100 4.913068e-47
123.006300 4.908987e-47
123.285100 4.904956e-47
123.564500 4.900976e-47
123.844600 4.897045e-47
124.125300 4.893163e-47
124.406700 4.889332e-47
124.688700 4.885549e-47
124.971300 4.881814e-47
125.254600 4.878127e-47
125.538500 4.874487e-47
125.823000 4.870897e-47
126.108200 4.867352e-47
126.394100 4.863855e-47
126.680500 4.860404e-47
126.967700 4.857000e-47
127.255500 4.853641e-47
127.543900 4.850327e-47
127.833000 4.847060e-47
128.122800 4.843838e-47
128.413200 4.840660e-47
128.704300 4.837528e-47
128.996000 4.834439e-47
129.288400 4.831394e-47
129.581400 4.828393e-47
129.875100 4.825436e-47
130.169500 4.822522e-47
130.464600 4.819650e-47
130.760300 4.816821e-47
131.056700 4.814035e-47
131.353700 4.811291e-47
131.651500 4.808589e-47
131.949900 4.805928e-47
132.248900 4.803309e-47
132.548700 4.800731e-47
132.849200 4.798194e-47
133.150300 4.795698e-47
133.452100 4.793242e-47
133.754600 4.790827e-47
134.057700 4.788450e-47
134.361600 4.786115e-47
134.666100 4.783819e-47
134.971400 4.781562e-47
135.277300 4.779344e-47
135.583900 4.777165e-47
135.891300 4.775026e-47
136.199300 4.772924e-47
136.508000 4.770860e-47
136.817400 4.768835e-47
137.127500 4.766846e-47
137.438400 4.764897e-47
137.749900 4.762983e-47
138.062100 4.761109e-47
138.375000 4.759270e-47
138.688700 4.757469e-47
139.003000 4.755704e-47
139.318100 4.753976e-47
139.633900 4.752284e-47
139.950400 4.750628e-47
140.267600 4.749007e-47
140.585600 4.747424e-47
140.904200 4.745875e-47
141.223600 4.744361e-47
141.543700 4.742883e-47
141.864500 4.741441e-47
142.186100 4.740032e-47
142.508400 4.738658e-47
142.831400 4.737320e-47
143.155100 4.736015e-47
143.479600 4.734745e-47
143.804800 4.733507e-47
144.130800 4.732306e-47
144.457500 4.731137e-47
144.784900 4.730002e-47
145.113100 4.728900e-47
145.442000 4.727832e-47
145.771700 4.726796e-47
146.102100 4.725794e-47
146.433200 4.724825e-47
146.765200 4.723889e-47
147.097800 4.722984e-47
147.431200 4.722113e-47
147.765400 4.721273e-47
148.100300 4.720465e-47
148.436000 4.719690e-47
148.772500 4.718947e-47
149.109700 4.718235e-47
149.447700 4.717555e-47
149.786400 4.716907e-47
150.125900 4.716290e-47
150.466200 4.715703e-47
150.807300 4.715150e-47
151.149100 4.714625e-47
151.491700 4.714134e-47
151.835100 4.713671e-47
152.179200 4.713241e-47
152.524200 4.712840e-47
152.869900 4.712470e-47
153.216400 4.712131e-47
153.563700 4.711820e-47
153.911800 4.711542e-47
154.260600 4.711292e-47
154.610300 4.711073e-47
154.960700 4.710883e-47
155.311900 4.710723e-47
155.664000 4.710593e-47
156.016800 4.710493e-47
156.370500 4.710421e-47
156.724900 4.710380e-47
157.080100 4.710368e-47
157.436200 4.710384e-47
157.793000 4.710431e-47
158.150700 4.710505e-47
158.509200 4.710609e-47
158.868400 4.710741e-47
159.228500 4.710903e-47
159.589500 4.711093e-47
159.951200 4.711312e-47
160.313700 4.711559e-47
160.677100 4.711835e-47
161.041300 4.712139e-47
161.406300 4.712471e-47
161.772200 4.712832e-47
162.138900 4.713221e-47
162.506400 4.713638e-47
162.874700 4.714083e-47
163.243900 4.714555e-47
163.613900 4.715057e-47
163.984800 4.715585e-47
164.356500 4.716142e-47
164.729000 4.716725e-47
165.102400 4.717337e-47
165.476600 4.717977e-47
165.851700 4.718643e-47
166.227600 4.719337e-47
166.604400 4.720060e-47
166.982000 4.720809e-47
167.360500 4.721585e-47
167.739900 4.722388e-47
168.120100 4.723219e-47
168.501100 4.724077e-47
168.883100 4.724962e-47
169.265900 4.725875e-47
169.649500 4.726814e-47
170.034100 4.727781e-47
170.419500 4.728774e-47
170.805800 4.729793e-47
171.192900 4.730840e-47
171.581000 4.731914e-47
171.969900 4.733015e-47
172.359600 4.734142e-47
172.750300 4.735296e-47
173.141900 4.736477e-47
173.534300 4.737685e-47
173.927700 4.738918e-47
174.321900 4.740179e-47
174.717000 4.741465e-47
175.113100 4.742779e-47
175.510000 4.744120e-47
175.907800 4.745486e-47
176.306500 4.746881e-47
176.706200 4.748300e-47
177.106700 4.749746e-47
177.508100 4.751218e-47
177.910500 4.752717e-47
178.313700 4.754242e-47
178.717900 4.755793e-47
179.123000 4.757371e-47
179.529000 4.758976e-47
179.935900 4.760605e-47
180.343800 4.762263e-47
180.752600 4.763945e-47
181.162300 4.765654e-47
181.572900 4.767390e-47
181.984400 4.769151e-47
182.396900 4.770938e-47
182.810400 4.772752e-47
183.224700 4.774593e-47
183.640000 4.776460e-47
184.056300 4.778353e-47
184.473500 4.780270e-47
184.891600 4.782216e-47
185.310700 4.784187e-47
185.730700 4.786185e-47
186.151700 4.788208e-47
186.573600 4.790258e-47
186.996500 4.792333e-47
187.420400 4.794435e-47
187.845200 4.796564e-47
188.271000 4.798718e-47
188.697700 4.800899e-47
189.125500 4.803107e-47
189.554100 4.805340e-47
189.983800 4.807599e-47
190.414400 4.809884e-47
190.846000 4.812197e-47
191.278600 4.814535e-47
191.712100 4.816899e-47
192.146700 4.819289e-47
192.582200 4.821707e-47
193.018700 4.824150e-47
193.456200 4.826620e-47
193.894700 4.829116e-47
194.334200 4.831639e-47
194.774700 4.834187e-47
195.216200 4.836763e-47
195.658700 4.839364e-47
196.102200 4.841993e-47
196.546700 4.844647e-47
196.992200 4.847329e-47
197.438700 4.850036e-47
197.886200 4.852771e-47
198.334700 4.855531e-47
198.784300 4.858319e-47
199.234900 4.861132e-47
199.686500 4.863974e-47
200.139100 4.866841e-47
200.592700 4.869735e-47
201.047400 4.872657e-47
201.503100 4.875605e-47
201.959800 4.878580e-47
202.417600 4.881581e-47
202.876400 4.884609e-47
203.336300 4.887664e-47
203.797100 4.890746e-47
204.259100 4.893856e-47
204.722100 4.896992e-47
205.186100 4.900155e-47
205.651200 4.903347e-47
206.117300 4.906564e-47
206.584500 4.909809e-47
207.052800 4.913082e-47
207.522100 4.916381e-47
207.992500 4.919708e-47
208.463900 4.923063e-47
208.936400 4.926444e-47
209.410000 4.929854e-47
209.884700 4.933291e-47
210.360400 4.936756e-47
210.837200 4.940247e-47
211.315100 4.943766e-47
211.794100 4.947315e-47
212.274100 4.950890e-47
212.755300 4.954493e-47
213.237500 4.958124e-47
213.720900 4.961782e-47
214.205300 4.965470e-47
214.690800 4.969186e-47
215.177400 4.972928e-47
215.665200 4.976700e-47
216.154000 4.980499e-47
216.644000 4.984328e-47
217.135000 4.988183e-47
217.627200 4.992068e-47
218.120500 4.995982e-47
218.614900 4.999924e-47
219.110400 5.003894e-47
219.607000 5.007893e-47
220.104800 5.011921e-47
220.603700 5.015977e-47
221.103700 5.020063e-47
221.604900 5.024177e-47
222.107200 5.028320e-47
222.610600 5.032494e-47
223.115200 5.036695e-47
223.620900 5.040926e-47
224.127800 5.045186e-47
224.635800 5.049475e-47
225.145000 5.053795e-47
225.655300 5.058144e-47
226.166800 5.062522e-47
226.679400 5.066930e-47
227.193200 5.071367e-47
227.708200 5.075834e-47
228.224300 5.080332e-47
228.741600 5.084859e-47
229.260100 5.089417e-47
229.779800 5.094004e-47
230.300600 5.098623e-47
230.822600 5.103271e-47
231.345800 5.107949e-47
231.870200 5.112658e-47
232.395700 5.117398e-47
232.922500 5.122168e-47
233.450400 5.126968e-47
233.979600 5.131800e-47
234.510000 5.136663e-47
235.041500 5.141557e-47
235.574300 5.146481e-47
236.108200 5.151437e-47
236.643400 5.156425e-47
237.179800 5.161443e-47
237.717400 5.166493e-47
238.256200 5.171574e-47
238.796200 5.176687e-47
239.337500 5.181833e-47
239.880000 5.187010e-47
240.423700 5.192218e-47
240.968700 5.197460e-47
241.514900 5.202733e-47
242.062300 5.208037e-47
242.611000 5.213374e-47
243.160900 5.218745e-47
243.712000 5.224147e-47
244.264500 5.229582e-47
244.818100 5.235049e-47
245.373000 5.240551e-47
245.929200 5.246085e-47
246.486600 5.251650e-47
247.045300 5.257251e-47
247.605300 5.262883e-47
248.166500 5.268550e-47
248.729000 5.274250e-47
249.292800 5.279983e-47
249.857900 5.285751e-47
250.424200 5.291551e-47
250.991800 5.297387e-47
251.560700 5.303255e-47
252.130900 5.309158e-47
252.702400 5.315097e-47
253.275200 5.321068e-47
253.849300 5.327074e-47
254.424700 5.333115e-47
255.001400 5.339191e-47
255.579400 5.345302e-47
256.158700 5.351448e-47
256.739300 5.357628e-47
257.321200 5.363844e-47
257.904500 5.370095e-47
258.489100 5.376381e-47
259.075000 5.382703e-47
259.662200 5.389062e-47
260.250800 5.395455e-47
260.840700 5.401885e-47
261.431900 5.408351e-47
262.024500 5.414854e-47
262.618400 5.421392e-47
263.213600 5.427966e-47
263.810200 5.434578e-47
264.408200 5.441227e-47
265.007500 5.447912e-47
265.608200 5.454633e-47
266.210200 5.461393e-47
266.813700 5.468190e-47
267.418400 5.475023e-47
268.024600 5.481895e-47
268.632100 5.488804e-47
269.241000 5.495752e-47
269.851200 5.502736e-47
270.462900 5.509759e-47
271.075900 5.516820e-47
271.690400 5.523920e-47
272.306200 5.531059e-47
272.923400 5.538237e-47
273.542100 5.545452e-47
274.162100 5.552706e-47
274.783500 5.560000e-47
275.406300 5.567334e-47
276.030600 5.574705e-47
276.656200 5.582118e-47
277.283300 5.589570e-47
277.911800 5.597061e-47
278.541800 5.604593e-47
279.173100 5.612164e-47
279.805900 5.619777e-47
280.440100 5.627430e-47
281.075800 5.635122e-47
281.712900 5.642857e-47
282.351400 5.650631e-47
282.991400 5.658447e-47
283.632900 5.666305e-47
284.275800 5.674204e-47
284.920100 5.682144e-47
285.565900 5.690125e-47
286.213200 5.698150e-47
286.861900 5.706216e-47
287.512100 5.714324e-47
288.163800 5.722475e-47
288.817000 5.730667e-47
289.471600 5.738903e-47
290.127800 5.747182e-47
290.785400 5.755504e-47
291.444500 5.763869e-47
292.105100 5.772278e-47
292.767200 5.780730e-47
293.430800 5.789225e-47
294.095900 5.797764e-47
294.762500 5.806349e-47
295.430600 5.814976e-47
296.100300 5.823650e-47
296.771400 5.832366e-47
297.444100 5.841128e-47
298.118300 5.849935e-47
298.794000 5.858786e-47
299.471300 5.867684e-47
300.150100 5.876627e-47
300.830400 5.885616e-47
301.512300 5.894651e-47
302.195700 5.903731e-47
302.880700 5.912858e-47
303.567200 5.922030e-47
304.255300 5.931252e-47
304.944900 5.940519e-47
305.636100 5.949831e-47
306.328900 5.959193e-47
307.023200 5.968601e-47
307.719100 5.978058e-47
308.416600 5.987561e-47
309.115700 5.997113e-47
309.816300 6.006713e-47
310.518600 6.016362e-47
311.222400 6.026058e-47
311.927900 6.035804e-47
312.634900 6.045599e-47
313.343500 6.055443e-47
314.053800 6.065336e-47
314.765600 6.075280e-47
315.479100 6.085271e-47
316.194100 6.095315e-47
316.910800 6.105408e-47
317.629200 6.115551e-47
318.349100 6.125745e-47
319.070700 6.135990e-47
319.793900 6.146286e-47
320.518800 6.156634e-47
321.245300 6.167032e-47
321.973400 6.177482e-47
322.703200 6.187984e-47
323.434700 6.198539e-47
324.167800 6.209145e-47
324.902600 6.219805e-47
325.639000 6.230516e-47
326.377100 6.241283e-47
327.116900 6.252101e-47
327.858300 6.262972e-47
328.601500 6.273898e-47
329.346300 6.284878e-47
330.092800 6.295910e-47
330.841000 6.306998e-47
331.590900 6.318140e-47
332.342500 6.329339e-47
333.095800 6.340590e-47
333.850800 6.351899e-47
334.607600 6.363261e-47
335.366000 6.374679e-47
336.126100 6.386155e-47
336.888000 6.397687e-47
337.651600 6.409274e-47
338.417000 6.420918e-47
339.184000 6.432619e-47
339.952900 6.444377e-47
340.723400 6.456193e-47
341.495700 6.468066e-47
342.269700 6.479997e-47
343.045500 6.491987e-47
343.823100 6.504035e-47
344.602400 6.516141e-47
345.383500 6.528307e-47
346.166400 6.540533e-47
346.951000 6.552817e-47
347.737400 6.565161e-47
348.525600 6.577564e-47
349.315600 6.590028e-47
350.107400 6.602552e-47
350.901000 6.615138e-47
351.696300 6.627783e-47
352.493500 6.640491e-47
353.292500 6.653260e-47
354.093300 6.666091e-47
354.895900 6.678982e-47
355.700300 6.691937e-47
356.506500 6.704955e-47
357.314600 6.718035e-47
358.124500 6.731179e-47
358.936300 6.744386e-47
359.749800 6.757655e-47
360.565300 6.770991e-47
361.382500 6.784389e-47
362.201700 6.797852e-47
363.022600 6.811379e-47
363.845500 6.824972e-47
364.670200 6.838630e-47
365.496800 6.852355e-47
366.325200 6.866144e-47
367.155600 6.879999e-47
367.987800 6.893921e-47
368.821900 6.907910e-47
369.657800 6.921967e-47
370.495700 6.936090e-47
371.335500 6.950280e-47
372.177200 6.964540e-47
373.020800 6.978866e-47
373.866300 6.993263e-47
374.713700 7.007727e-47
375.563100 7.022261e-47
376.414300 7.036864e-47
377.267500 7.051537e-47
378.122700 7.066279e-47
378.979700 7.081091e-47
379.838700 7.095975e-47
380.699700 7.110930e-47
381.562600 7.125956e-47
382.427500 7.141054e-47
383.294300 7.156223e-47
384.163100 7.171465e-47
385.033800 7.186779e-47
385.906600 7.202165e-47
386.781300 7.217626e-47
387.658000 7.233159e-47
388.536700 7.248765e-47
389.417300 7.264448e-47
390.300000 7.280204e-47
391.184700 7.296033e-47
392.071400 7.311940e-47
392.960100 7.327922e-47
393.850800 7.343978e-47
394.743500 7.360111e-47
395.638200 7.376319e-47
396.535000 7.392607e-47
397.433800 7.408969e-47
398.334600 7.425410e-47
399.237500 7.441930e-47
400.142400 7.458526e-47
401.049400 7.475200e-47
401.958500 7.491955e-47
402.869600 7.508787e-47
403.782700 7.525701e-47
404.697900 7.542693e-47
405.615300 7.559767e-47
406.534600 7.576919e-47
407.456100 7.594153e-47
408.379700 7.611470e-47
409.305300 7.628868e-47
410.233100 7.646346e-47
411.162900 7.663908e-47
412.094900 7.681553e-47
413.029000 7.699282e-47
413.965100 7.717092e-47
414.903500 7.734988e-47
415.843900 7.752966e-47
416.786500 7.771031e-47
417.731200 7.789180e-47
418.678000 7.807415e-47
419.627000 7.825734e-47
420.578200 7.844142e-47
421.531500 7.862635e-47
422.486900 7.881215e-47
423.444500 7.899882e-47
424.404400 7.918638e-47
425.366300 7.937481e-47
426.330500 7.956413e-47
427.296800 7.975433e-47
428.265300 7.994543e-47
429.236100 8.013744e-47
430.209000 8.033035e-47
431.184100 8.052415e-47
432.161500 8.071887e-47
433.141000 8.091450e-47
434.122800 8.111106e-47
435.106800 8.130854e-47
436.093000 8.150695e-47
437.081500 8.170629e-47
438.072200 8.190657e-47
439.065200 8.210779e-47
440.060400 8.230995e-47
441.057800 8.251308e-47
442.057500 8.271715e-47
443.059500 8.292219e-47
444.063800 8.312819e-47
445.070300 8.333517e-47
446.079100 8.354313e-47
447.090200 8.375208e-47
448.103600 8.396200e-47
449.119300 8.417294e-47
450.137300 8.438486e-47
451.157600 8.459780e-47
452.180200 8.481176e-47
453.205200 8.502677e-47
454.232400 8.524279e-47
455.262000 8.545987e-47
456.293900 8.567802e-47
457.328200 8.589721e-47
458.364800 8.611753e-47
459.403700 8.633894e-47
460.445000 8.656149e-47
461.488700 8.678521e-47
462.534700 8.701011e-47
463.583100 8.723627e-47
464.633900 8.746374e-47
465.687100 8.769259e-47
466.742600 8.792293e-47
467.800500 8.815495e-47
468.860900 8.838886e-47
469.923600 8.862505e-47
470.988800 8.886405e-47
472.056300 8.910686e-47
473.126300 8.935520e-47
474.198700 8.961239e-47
475.273600 8.988561e-47
476.350800 9.019278e-47
477.430600 9.059002e-47
478.512700 9.133598e-47
479.597400 9.547058e-47
480.684400 1.245626e-46
481.774000 9.273131e-47
482.866000 9.192698e-47
483.960500 9.192602e-47
485.057400 9.207840e-47
486.156900 9.228054e-47
487.258800 9.250404e-47
488.363300 9.273856e-47
489.470200 9.297962e-47
490.579700 9.322503e-47
491.691600 9.347359e-47
492.806100 9.372465e-47
493.923200 9.397779e-47
495.042700 9.423274e-47
496.164800 9.448936e-47
497.289400 9.474750e-47
498.416600 9.500713e-47
499.546300 9.526816e-47
500.678600 9.553055e-47
501.813500 9.579429e-47
502.950900 9.605937e-47
504.090900 9.632573e-47
505.233500 9.659342e-47
506.378700 9.686239e-47
507.526500 9.713265e-47
508.676900 9.740421e-47
509.829800 9.767705e-47
510.985500 9.795118e-47
512.143700 9.822661e-47
513.304500 9.850332e-47
514.468000 9.878134e-47
515.634100 9.906066e-47
516.802900 9.934129e-47
517.974300 9.962322e-47
519.148300 9.990646e-47
520.325100 1.001911e-46
521.504500 1.004770e-46
522.686500 1.007641e-46
523.871300 1.010528e-46
525.058700 1.013425e-46
526.248800 1.016338e-46
527.441600 1.019264e-46
528.637200 1.022202e-46
529.835400 1.025156e-46
531.036300 1.028123e-46
532.240000 1.031102e-46
533.446400 1.034096e-46
534.655500 1.037104e-46
535.867400 1.040125e-46
537.082000 1.043162e-46
538.299400 1.046212e-46
539.519500 1.049274e-46
540.742400 1.052352e-46
541.968100 1.055444e-46
543.196600 1.058551e-46
544.427800 1.061673e-46
545.661800 1.064807e-46
546.898600 1.067957e-46
548.138300 1.071119e-46
549.380700 1.074299e-46
550.625900 1.077492e-46
551.874000 1.080700e-46
553.124900 1.083923e-46
554.378700 1.087161e-46
555.635200 1.090412e-46
556.894700 1.093679e-46
558.156900 1.096963e-46
559.422100 1.100260e-46
560.690100 1.103573e-46
561.961000 1.106900e-46
563.234700 1.110244e-46
564.511400 1.113603e-46
565.790900 1.116976e-46
567.073400 1.120365e-46
568.358700 1.123772e-46
569.647000 1.127192e-46
570.938200 1.130628e-46
572.232300 1.134080e-46
573.529400 1.137550e-46
574.829300 1.141034e-46
576.132300 1.144534e-46
577.438200 1.148050e-46
578.747000 1.151582e-46
580.058800 1.155131e-46
581.373600 1.158695e-46
582.691400 1.162278e-46
584.012100 1.165875e-46
585.335900 1.169489e-46
586.662600 1.173121e-46
587.992400 1.176767e-46
589.325200 1.180432e-46
590.660900 1.184114e-46
591.999800 1.187810e-46
593.341600 1.191525e-46
594.686500 1.195259e-46
596.034400 1.199007e-46
597.385400 1.202773e-46
598.739500 1.206557e-46
600.096600 1.210359e-46
601.456800 1.214177e-46
602.820100 1.218012e-46
604.186500 1.221865e-46
605.556000 1.225737e-46
606.928600 1.229626e-46
608.304300 1.233532e-46
609.683100 1.237458e-46
611.065000 1.241402e-46
612.450100 1.245362e-46
613.838300 1.249340e-46
615.229600 1.253338e-46
616.624100 1.257352e-46
618.021800 1.261387e-46
619.422600 1.265438e-46
620.826600 1.269509e-46
622.233800 1.273600e-46
623.644200 1.277709e-46
625.057800 1.281836e-46
626.474600 1.285981e-46
627.894600 1.290146e-46
629.317800 1.294329e-46
630.744200 1.298533e-46
632.173900 1.302757e-46
633.606800 1.306998e-46
635.043000 1.311261e-46
636.482400 1.315540e-46
637.925100 1.319840e-46
639.371000 1.324161e-46
640.820200 1.328501e-46
642.272800 1.332861e-46
643.728600 1.337240e-46
645.187700 1.341640e-46
646.650100 1.346059e-46
648.115800 1.350500e-46
649.584800 1.354961e-46
651.057200 1.359442e-46
652.532900 1.363944e-46
654.012000 1.368465e-46
655.494400 1.373007e-46
656.980200 1.377572e-46
658.469300 1.382155e-46
659.961800 1.386761e-46
661.457700 1.391388e-46
662.957000 1.396034e-46
664.459700 1.400703e-46
665.965800 1.405394e-46
667.475300 1.410106e-46
668.988200 1.414839e-46
670.504600 1.419594e-46
672.024400 1.424371e-46
673.547600 1.429168e-46
675.074300 1.433989e-46
676.604500 1.438831e-46
678.138100 1.443696e-46
679.675200 1.448583e-46
681.215800 1.453491e-46
682.759900 1.458423e-46
684.307400 1.463377e-46
685.858500 1.468355e-46
687.413100 1.473354e-46
688.971200 1.478376e-46
690.532900 1.483422e-46
692.098100 1.488490e-46
693.666800 1.493580e-46
695.239100 1.498695e-46
696.815000 1.503834e-46
698.394400 1.508996e-46
699.977400 1.514179e-46
701.564000 1.519389e-46
703.154200 1.524622e-46
704.748000 1.529880e-46
706.345400 1.535158e-46
707.946500 1.540463e-46
709.551100 1.545792e-46
711.159400 1.551146e-46
712.771400 1.556523e-46
714.386900 1.561925e-46
716.006200 1.567354e-46
717.629100 1.572804e-46
719.255800 1.578282e-46
720.886000 1.583782e-46
722.520000 1.589309e-46
724.157700 1.594861e-46
725.799200 1.600440e-46
727.444300 1.606042e-46
729.093100 1.611671e-46
730.745700 1.617325e-46
732.402100 1.623005e-46
734.062200 1.628709e-46
735.726000 1.634442e-46
737.393600 1.640200e-46
739.065100 1.645984e-46
740.740200 1.651796e-46
742.419300 1.657631e-46
744.102000 1.663496e-46
745.788700 1.669385e-46
747.479100 1.675303e-46
749.173400 1.681249e-46
750.871500 1.687219e-46
752.573400 1.693218e-46
754.279300 1.699245e-46
755.988900 1.705299e-46
757.702500 1.711379e-46
759.419900 1.717489e-46
761.141300 1.723625e-46
762.866500 1.729790e-46
764.595600 1.735983e-46
766.328700 1.742205e-46
768.065700 1.748453e-46
769.806600 1.754732e-46
771.551500 1.761040e-46
773.300300 1.767376e-46
775.053100 1.773739e-46
776.809900 1.780132e-46
778.570700 1.786556e-46
780.335400 1.793007e-46
782.104200 1.799488e-46
783.876900 1.806000e-46
785.653700 1.812540e-46
787.434500 1.819110e-46
789.219300 1.825712e-46
791.008200 1.832341e-46
792.801100 1.839002e-46
794.598100 1.845693e-46
796.399200 1.852416e-46
798.204300 1.859168e-46
800.013600 1.865951e-46
801.826900 1.872765e-46
803.644400 1.879608e-46
805.466000 1.886486e-46
807.291700 1.893393e-46
809.121500 1.900331e-46
810.955500 1.907302e-46
812.793600 1.914305e-46
814.636000 1.921340e-46
816.482400 1.928404e-46
818.333100 1.935504e-46
820.188000 1.942634e-46
822.047100 1.949799e-46
823.910400 1.956994e-46
825.777900 1.964225e-46
827.649600 1.971486e-46
829.525600 1.978780e-46
831.405800 1.986110e-46
833.290300 1.993470e-46
835.179100 2.000864e-46
837.072200 2.008294e-46
838.969500 2.015755e-46
840.871100 2.023253e-46
842.777100 2.030782e-46
844.687400 2.038347e-46
846.602000 2.045947e-46
848.520900 2.053581e-46
850.444200 2.061252e-46
852.371900 2.068954e-46
854.303900 2.076694e-46
856.240300 2.084466e-46
858.181100 2.092278e-46
860.126300 2.100123e-46
862.075900 2.108002e-46
864.029900 2.115919e-46
865.988400 2.123872e-46
867.951200 2.131863e-46
869.918600 2.139886e-46
871.890400 2.147948e-46
873.866600 2.156049e-46
875.847400 2.164182e-46
877.832600 2.172355e-46
879.822400 2.180566e-46
881.816600 2.188814e-46
883.815400 2.197098e-46
885.818700 2.205421e-46
887.826500 2.213781e-46
889.838900 2.222181e-46
891.855800 2.230617e-46
893.877300 2.239090e-46
895.903500 2.247604e-46
897.934100 2.256157e-46
899.969400 2.264748e-46
902.009400 2.273379e-46
904.053900 2.282048e-46
906.103100 2.290758e-46
908.156900 2.299505e-46
910.215300 2.308294e-46
912.278500 2.317123e-46
914.346300 2.325994e-46
916.418800 2.334903e-46
918.496000 2.343854e-46
920.577900 2.352843e-46
922.664500 2.361874e-46
924.755800 2.370947e-46
926.851900 2.380062e-46
928.952800 2.389216e-46
931.058400 2.398413e-46
933.168800 2.407655e-46
935.283900 2.416934e-46
937.403900 2.426258e-46
939.528600 2.435625e-46
941.658200 2.445036e-46
943.792600 2.454486e-46
945.931900 2.463983e-46
948.076000 2.473524e-46
950.224900 2.483111e-46
952.378700 2.492745e-46
954.537400 2.502436e-46
956.701000 2.512222e-46
958.869500 2.522427e-46
961.042900 2.560362e-46
963.221300 2.541840e-46
965.404600 2.551482e-46
967.592800 2.561363e-46
969.786000 2.571324e-46
971.984100 2.581344e-46
974.187300 2.591408e-46
976.395400 2.601524e-46
978.608600 2.611685e-46
980.826700 2.621893e-46
983.049900 2.632146e-46
985.278100 2.642449e-46
987.511400 2.652797e-46
989.749700 2.663192e-46
991.993100 2.673637e-46
994.241600 2.684128e-46
996.495200 2.694667e-46
998.753900 2.705252e-46
1001.018000 2.715888e-46
1003.287000 2.726570e-46
1005.561000 2.737301e-46
1007.840000 2.748082e-46
1010.125000 2.758911e-46
1012.414000 2.769791e-46
1014.709000 2.780720e-46
1017.009000 2.791696e-46
1019.314000 2.802725e-46
1021.624000 2.813805e-46
1023.940000 2.824931e-46
1026.261000 2.836112e-46
1028.587000 2.847342e-46
1030.919000 2.858622e-46
1033.255000 2.869954e-46
1035.597000 2.881340e-46
1037.945000 2.892775e-46
1040.297000 2.904264e-46
1042.655000 2.915802e-46
1045.019000 2.927394e-46
1047.387000 2.939040e-46
1049.761000 2.950737e-46
1052.141000 2.962488e-46
1054.526000 2.974293e-46
1056.916000 2.986153e-46
1059.312000 2.998065e-46
1061.713000 3.010031e-46
1064.119000 3.022052e-46
1066.531000 3.034129e-46
1068.949000 3.046257e-46
1071.371000 3.058445e-46
1073.800000 3.070685e-46
1076.234000 3.082981e-46
1078.673000 3.095334e-46
1081.118000 3.107742e-46
1083.569000 3.120208e-46
1086.025000 3.132730e-46
1088.486000 3.145309e-46
1090.954000 3.157946e-46
1093.427000 3.170640e-46
1095.905000 3.183387e-46
1098.389000 3.196197e-46
1100.879000 3.209064e-46
1103.374000 3.221993e-46
1105.875000 3.234976e-46
1108.381000 3.248019e-46
1110.894000 3.261123e-46
1113.412000 3.274287e-46
1115.935000 3.287506e-46
1118.465000 3.300788e-46
1121.000000 3.314133e-46
1123.541000 3.327534e-46
1126.088000 3.340999e-46
1128.640000 3.354524e-46
1131.198000 3.368113e-46
1133.762000 3.381763e-46
1136.332000 3.395473e-46
1138.908000 3.409245e-46
1141.489000 3.423081e-46
1144.077000 3.436979e-46
1146.670000 3.450942e-46
1149.269000 3.464966e-46
1151.874000 3.479057e-46
1154.485000 3.493210e-46
1157.102000 3.507429e-46
1159.724000 3.521710e-46
1162.353000 3.536055e-46
1164.988000 3.550466e-46
1167.628000 3.564944e-46
1170.275000 3.579490e-46
1172.928000 3.594099e-46
1175.586000 3.608773e-46
1178.251000 3.623518e-46
1180.921000 3.638327e-46
1183.598000 3.653205e-46
1186.281000 3.668148e-46
1188.970000 3.683160e-46
1191.665000 3.698241e-46
1194.366000 3.713391e-46
1197.073000 3.728610e-46
1199.786000 3.743896e-46
1202.506000 3.759252e-46
1205.232000 3.774678e-46
1207.963000 3.790174e-46
1210.701000 3.805742e-46
1213.446000 3.821380e-46
1216.196000 3.837089e-46
1218.953000 3.852870e-46
1221.716000 3.868719e-46
1224.485000 3.884644e-46
1227.260000 3.900641e-46
1230.042000 3.916710e-46
1232.830000 3.932852e-46
1235.625000 3.949067e-46
1238.425000 3.965355e-46
1241.232000 3.981721e-46
1244.046000 3.998156e-46
1246.866000 4.014669e-46
1249.692000 4.031257e-46
1252.524000 4.047919e-46
1255.363000 4.064655e-46
1258.209000 4.081471e-46
1261.061000 4.098361e-46
1263.919000 4.115328e-46
1266.784000 4.132373e-46
1269.655000 4.149495e-46
1272.533000 4.166693e-46
1275.418000 4.183972e-46
1278.309000 4.201327e-46
1281.206000 4.218764e-46
1284.110000 4.236278e-46
1287.021000 4.253873e-46
1289.938000 4.271546e-46
1292.862000 4.289302e-46
1295.792000 4.307136e-46
1298.729000 4.325052e-46
1301.673000 4.343048e-46
1304.623000 4.361126e-46
1307.581000 4.379289e-46
1310.544000 4.397531e-46
1313.515000 4.415857e-46
1316.492000 4.434267e-46
1319.476000 4.452763e-46
1322.467000 4.471339e-46
1325.465000 4.490000e-46
1328.469000 4.508747e-46
1331.480000 4.527580e-46
1334.498000 4.546499e-46
1337.523000 4.565500e-46
1340.555000 4.584592e-46
1343.593000 4.603767e-46
1346.639000 4.623029e-46
1349.691000 4.642379e-46
1352.750000 4.661821e-46
1355.816000 4.681347e-46
1358.890000 4.700961e-46
1361.970000 4.720669e-46
1365.057000 4.740461e-46
1368.151000 4.760347e-46
1371.252000 4.780323e-46
1374.360000 4.800385e-46
1377.475000 4.820545e-46
1380.598000 4.840792e-46
1383.727000 4.861130e-46
1386.863000 4.881563e-46
1390.007000 4.902088e-46
1393.158000 4.922710e-46
1396.315000 4.943419e-46
1399.480000 4.964225e-46
1402.652000 4.985128e-46
1405.832000 5.006124e-46
1409.018000 5.027214e-46
1412.212000 5.048402e-46
1415.413000 5.069685e-46
1418.621000 5.091066e-46
1421.837000 5.112542e-46
1425.059000 5.134117e-46
1428.290000 5.155788e-46
1431.527000 5.177563e-46
1434.772000 5.199440e-46
1438.024000 5.221440e-46
1441.283000 5.273196e-46
1444.550000 5.265671e-46
1447.824000 5.287912e-46
1451.106000 5.310278e-46
1454.395000 5.332751e-46
1457.692000 5.355323e-46
1460.996000 5.378002e-46
1464.307000 5.400781e-46
1467.627000 5.423663e-46
1470.953000 5.446650e-46
1474.287000 5.469742e-46
1477.629000 5.492939e-46
1480.978000 5.516241e-46
1484.335000 5.539649e-46
1487.700000 5.563164e-46
1491.072000 5.586785e-46
1494.451000 5.610512e-46
1497.839000 5.634347e-46
1501.234000 5.658295e-46
1504.637000 5.682345e-46
1508.047000 5.706509e-46
1511.465000 5.730781e-46
1514.891000 5.755163e-46
1518.325000 5.779654e-46
1521.766000 5.804259e-46
1525.216000 5.828975e-46
1528.673000 5.853806e-46
1532.138000 5.878743e-46
1535.611000 5.903802e-46
1539.091000 5.928967e-46
1542.580000 5.954249e-46
1546.076000 5.979649e-46
1549.581000 6.005161e-46
1553.093000 6.030787e-46
1556.613000 6.056531e-46
1560.142000 6.082394e-46
1563.678000 6.108372e-46
1567.222000 6.134469e-46
1570.775000 6.160686e-46
1574.335000 6.187019e-46
1577.903000 6.213474e-46
1581.480000 6.240049e-46
1585.065000 6.266746e-46
1588.658000 6.293561e-46
1592.258000 6.320498e-46
1595.868000 6.347558e-46
1599.485000 6.374741e-46
1603.110000 6.402049e-46
1606.744000 6.429480e-46
1610.386000 6.457032e-46
1614.036000 6.484713e-46
1617.694000 6.512520e-46
1621.361000 6.540453e-46
1625.036000 6.568513e-46
1628.720000 6.596699e-46
1632.411000 6.625013e-46
1636.111000 6.653454e-46
1639.820000 6.682029e-46
1643.537000 6.710732e-46
1647.262000 6.739564e-46
1650.996000 6.768525e-46
1654.738000 6.797617e-46
1658.489000 6.826849e-46
1662.248000 6.856207e-46
1666.016000 6.885701e-46
1669.792000 6.915327e-46
1673.577000 6.945085e-46
1677.370000 6.974981e-46
1681.172000 7.005016e-46
1684.983000 7.035183e-46
1688.802000 7.065490e-46
1692.630000 7.095932e-46
1696.466000 7.126513e-46
1700.312000 7.157235e-46
1704.166000 7.188093e-46
1708.029000 7.219093e-46
1711.900000 7.250235e-46
1715.780000 7.281519e-46
1719.669000 7.312941e-46
1723.567000 7.344507e-46
1727.474000 7.376216e-46
1731.389000 7.408070e-46
1735.314000 7.440069e-46
1739.247000 7.472214e-46
1743.190000 7.504504e-46
1747.141000 7.536941e-46
1751.101000 7.569525e-46
1755.070000 7.602257e-46
1759.048000 7.635136e-46
1763.035000 7.668164e-46
1767.032000 7.701347e-46
1771.037000 7.734673e-46
1775.051000 7.768155e-46
1779.074000 7.801787e-46
1783.107000 7.835577e-46
1787.149000 7.869517e-46
1791.199000 7.903610e-46
1795.259000 7.937855e-46
1799.329000 7.972260e-46
1803.407000 8.006823e-46
1807.495000 8.041540e-46
1811.592000 8.076413e-46
1815.698000 8.111446e-46
1819.813000 8.146640e-46
1823.938000 8.181991e-46
1828.073000 8.217504e-46
1832.216000 8.253175e-46
1836.369000 8.289015e-46
1840.532000 8.325014e-46
1844.703000 8.361171e-46
1848.885000 8.397500e-46
1853.075000 8.433988e-46
1857.276000 8.470644e-46
1861.486000 8.507471e-46
1865.705000 8.544461e-46
1869.934000 8.581619e-46
1874.172000 8.618945e-46
1878.420000 8.656441e-46
1882.678000 8.694106e-46
1886.945000 8.731942e-46
1891.222000 8.769955e-46
1895.509000 8.808134e-46
1899.805000 8.846490e-46
1904.112000 8.885020e-46
1908.428000 8.923722e-46
1912.753000 8.962605e-46
1917.089000 9.001668e-46
1921.434000 9.052895e-46
1925.790000 9.080314e-46
1930.155000 9.119899e-46
1934.530000 9.159666e-46
1938.914000 9.199617e-46
1943.309000 9.239752e-46
1947.714000 9.280066e-46
1952.129000 9.320565e-46
1956.554000 9.361244e-46
1960.988000 9.402110e-46
1965.433000 9.443163e-46
1969.888000 9.484398e-46
1974.353000 9.525828e-46
1978.828000 9.567441e-46
1983.314000 9.609244e-46
1987.809000 9.651231e-46
1992.315000 9.693415e-46
1996.831000 9.735792e-46
2001.357000 9.778360e-46
2005.893000 9.821116e-46
2010.440000 9.864072e-46
2014.997000 9.907222e-46
2019.564000 9.950567e-46
2024.142000 9.994109e-46
2028.730000 1.003785e-45
2033.328000 1.008178e-45
2037.937000 1.012592e-45
2042.556000 1.017026e-45
2047.186000 1.021480e-45
2051.826000 1.025954e-45
2056.477000 1.030448e-45
2061.138000 1.034963e-45
2065.810000 1.039498e-45
2070.492000 1.044054e-45
2075.186000 1.048631e-45
2079.889000 1.053228e-45
2084.604000 1.057846e-45
2089.329000 1.062486e-45
2094.064000 1.067146e-45
2098.811000 1.071827e-45
2103.568000 1.076530e-45
2108.336000 1.081254e-45
2113.115000 1.086000e-45
2117.905000 1.090766e-45
2122.705000 1.095555e-45
2127.517000 1.100366e-45
2132.339000 1.105197e-45
2137.172000 1.110052e-45
2142.017000 1.114928e-45
2146.872000 1.119827e-45
2151.738000 1.124747e-45
2156.615000 1.129690e-45
2161.503000 1.134655e-45
2166.403000 1.139643e-45
2171.313000 1.144654e-45
2176.235000 1.149687e-45
2181.168000 1.154743e-45
2186.111000 1.159822e-45
2191.067000 1.164924e-45
2196.033000 1.170050e-45
2201.011000 1.175198e-45
2206.000000 1.180370e-45
2211.000000 1.185565e-45
2216.011000 1.190784e-45
2221.034000 1.196027e-45
2226.068000 1.201293e-45
2231.114000 1.206583e-45
2236.171000 1.211898e-45
2241.240000 1.217237e-45
2246.320000 1.222599e-45
2251.412000 1.227987e-45
2256.515000 1.233398e-45
2261.630000 1.238834e-45
2266.756000 1.244295e-45
2271.894000 1.249781e-45
2277.043000 1.255291e-45
2282.205000 1.260827e-45
2287.378000 1.266387e-45
2292.562000 1.271973e-45
2297.759000 1.277584e-45
2302.967000 1.283221e-45
2308.187000 1.288883e-45
2313.419000 1.294571e-45
2318.662000 1.300285e-45
2323.918000 1.306024e-45
2329.185000 1.311791e-45
2334.465000 1.317583e-45
2339.756000 1.323400e-45
2345.060000 1.329246e-45
2350.375000 1.335117e-45
2355.702000 1.341014e-45
2361.042000 1.346939e-45
2366.394000 1.352891e-45
2371.758000 1.358869e-45
2377.133000 1.364875e-45
2382.521000 1.370908e-45
2387.922000 1.376968e-45
2393.334000 1.383056e-45
2398.759000 1.389172e-45
2404.196000 1.395315e-45
2409.646000 1.401486e-45
2415.108000 1.407684e-45
2420.582000 1.413912e-45
2426.068000 1.420168e-45
2431.568000 1.426451e-45
2437.079000 1.432763e-45
2442.603000 1.439104e-45
2448.140000 1.445475e-45
2453.689000 1.451874e-45
2459.250000 1.458301e-45
2464.824000 1.464758e-45
2470.411000 1.471245e-45
2476.011000 1.477760e-45
2481.623000 1.484306e-45
2487.248000 1.490880e-45
2492.886000 1.497486e-45
2498.536000 1.504120e-45
2504.200000 1.510785e-45
2509.876000 1.517480e-45
2515.565000 1.524206e-45
2521.267000 1.530962e-45
2526.981000 1.537749e-45
2532.709000 1.544567e-45
2538.450000 1.551415e-45
2544.204000 1.558295e-45
2549.970000 1.565206e-45
2555.750000 1.572148e-45
2561.543000 1.579122e-45
2567.349000 1.586127e-45
2573.169000 1.593165e-45
2579.001000 1.600234e-45
2584.847000 1.607335e-45
2590.706000 1.614469e-45
2596.578000 1.621634e-45
2602.463000 1.628833e-45
2608.362000 1.636064e-45
2614.274000 1.643328e-45
2620.200000 1.650625e-45
2626.139000 1.657955e-45
2632.092000 1.665317e-45
2638.058000 1.672714e-45
2644.037000 1.680145e-45
2650.030000 1.687608e-45
2656.037000 1.695106e-45
2662.057000 1.702638e-45
2668.091000 1.710205e-45
2674.139000 1.717805e-45
2680.200000 1.725440e-45
2686.275000 1.733109e-45
2692.364000 1.740814e-45
2698.467000 1.748553e-45
2704.583000 1.756327e-45
2710.713000 1.764137e-45
2716.858000 1.771982e-45
2723.016000 1.779863e-45
2729.188000 1.787779e-45
2735.374000 1.795732e-45
2741.574000 1.803720e-45
2747.788000 1.811746e-45
2754.017000 1.819807e-45
2760.259000 1.827905e-45
2766.515000 1.836039e-45
2772.786000 1.844211e-45
2779.071000 1.852420e-45
2785.370000 1.860665e-45
2791.684000 1.868949e-45
2798.012000 1.877270e-45
2804.354000 1.885629e-45
2810.710000 1.894025e-45
2817.081000 1.902460e-45
2823.466000 1.910933e-45
2829.866000 1.919445e-45
2836.280000 1.927995e-45
2842.709000 1.936583e-45
2849.153000 1.945211e-45
2855.611000 1.953879e-45
2862.083000 1.962585e-45
2868.571000 1.971331e-45
2875.073000 1.980117e-45
2881.589000 1.988949e-45
2888.121000 1.997808e-45
2894.667000 2.006714e-45
2901.229000 2.015660e-45
2907.805000 2.024646e-45
2914.396000 2.033674e-45
2921.001000 2.042743e-45
2927.622000 2.051853e-45
2934.258000 2.061004e-45
2940.909000 2.070196e-45
2947.575000 2.079431e-45
2954.256000 2.088708e-45
2960.952000 2.098026e-45
2967.664000 2.107387e-45
2974.390000 2.116789e-45
2981.132000 2.126235e-45
2987.890000 2.135725e-45
2994.662000 2.145256e-45
3001.450000 2.154831e-45
3008.253000 2.164449e-45
3015.072000 2.174112e-45
3021.906000 2.183818e-45
3028.755000 2.193568e-45
3035.620000 2.203362e-45
3042.501000 2.213201e-45
3049.397000 2.223085e-45
3056.309000 2.233012e-45
3063.237000 2.242986e-45
3070.180000 2.253005e-45
3077.139000 2.263069e-45
3084.114000 2.273178e-45
3091.104000 2.283335e-45
3098.111000 2.293536e-45
3105.133000 2.303784e-45
3112.171000 2.314079e-45
3119.226000 2.324420e-45
3126.296000 2.334808e-45
3133.382000 2.345244e-45
3140.484000 2.355727e-45
3147.603000 2.366257e-45
3154.737000 2.376835e-45
3161.888000 2.387461e-45
3169.055000 2.398135e-45
3176.238000 2.408858e-45
3183.437000 2.419630e-45
3190.653000 2.430451e-45
3197.885000 2.441319e-45
3205.133000 2.452238e-45
3212.398000 2.463207e-45
3219.680000 2.474225e-45
3226.977000 2.485294e-45
3234.292000 2.496411e-45
3241.623000 2.507581e-45
3248.970000 2.518800e-45
3256.335000 2.530071e-45
3263.716000 2.541392e-45
3271.113000 2.552766e-45
3278.528000 2.564190e-45
3285.959000 2.575666e-45
3293.407000 2.587195e-45
3300.872000 2.598776e-45
3308.354000 2.610410e-45
3315.853000 2.622096e-45
3323.369000 2.633836e-45
3330.902000 2.645628e-45
3338.452000 2.657474e-45
3346.019000 2.669373e-45
3353.603000 2.681328e-45
3361.204000 2.693337e-45
3368.823000 2.705399e-45
3376.459000 2.717516e-45
3384.112000 2.729688e-45
3391.783000 2.741916e-45
3399.471000 2.754200e-45
3407.176000 2.766538e-45
3414.899000 2.778933e-45
3422.639000 2.791384e-45
3430.397000 2.803892e-45
3438.173000 2.816457e-45
3445.966000 2.829078e-45
3453.777000 2.841757e-45
3461.605000 2.854493e-45
3469.451000 2.867288e-45
3477.315000 2.880139e-45
3485.197000 2.893050e-45
3493.097000 2.906019e-45
3501.015000 2.919047e-45
3508.950000 2.932134e-45
3516.904000 2.945281e-45
3524.875000 2.958486e-45
3532.865000 2.971753e-45
3540.873000 2.985079e-45
3548.898000 2.998466e-45
3556.943000 3.011913e-45
3565.005000 3.025422e-45
3573.086000 3.038992e-45
3581.184000 3.052623e-45
3589.302000 3.066316e-45
3597.437000 3.080072e-45
3605.591000 3.093890e-45
3613.764000 3.107771e-45
3621.955000 3.121715e-45
3630.165000 3.135722e-45
3638.393000 3.149792e-45
3646.640000 3.163926e-45
3654.906000 3.178125e-45
3663.190000 3.192388e-45
3671.493000 3.206716e-45
3679.815000 3.221108e-45
3688.156000 3.235566e-45
3696.516000 3.250090e-45
3704.894000 3.264680e-45
3713.292000 3.279335e-45
3721.709000 3.294059e-45
3730.145000 3.308847e-45
3738.599000 3.323704e-45
3747.074000 3.338627e-45
3755.567000 3.353619e-45
3764.079000 3.368678e-45
3772.611000 3.383806e-45
3781.162000 3.399003e-45
3789.733000 3.414268e-45
3798.323000 3.429603e-45
3806.932000 3.445007e-45
3815.561000 3.460482e-45
3824.210000 3.476026e-45
3832.878000 3.491641e-45
3841.566000 3.507327e-45
3850.273000 3.523084e-45
3859.000000 3.538913e-45
3867.747000 3.554813e-45
3876.514000 3.570786e-45
3885.301000 3.586830e-45
3894.107000 3.602949e-45
3902.934000 3.619140e-45
3911.780000 3.635404e-45
3920.647000 3.651743e-45
3929.534000 3.668156e-45
3938.441000 3.684643e-45
3947.368000 3.701204e-45
3956.315000 3.717841e-45
3965.283000 3.734554e-45
3974.271000 3.751342e-45
3983.279000 3.768207e-45
3992.307000 3.785148e-45
4001.356000 3.802166e-45
4010.426000 3.819261e-45
4019.516000 3.836434e-45
4028.627000 3.853686e-45
4037.759000 3.871014e-45
4046.911000 3.888422e-45
4056.084000 3.905909e-45
4065.277000 3.923475e-45
4074.492000 3.941120e-45
4083.727000 3.958846e-45
4092.984000 3.976653e-45
4102.261000 3.994540e-45
4111.559000 4.012508e-45
4120.879000 4.030559e-45
4130.219000 4.048690e-45
4139.581000 4.066904e-45
4148.964000 4.085201e-45
4158.368000 4.103581e-45
4167.794000 4.122044e-45
4177.241000 4.140592e-45
4186.709000 4.159222e-45
4196.199000 4.177938e-45
4205.710000 4.196739e-45
4215.243000 4.215626e-45
4224.797000 4.234597e-45
4234.374000 4.253655e-45
4243.971000 4.272799e-45
4253.591000 4.292030e-45
4263.232000 4.311349e-45
4272.896000 4.330755e-45
4282.581000 4.350249e-45
4292.288000 4.369833e-45
4302.017000 4.389504e-45
4311.768000 4.409265e-45
4321.541000 4.429115e-45
4331.337000 4.449057e-45
4341.154000 4.469088e-45
4350.994000 4.489210e-45
4360.856000 4.509423e-45
4370.741000 4.529729e-45
4380.648000 4.550126e-45
4390.577000 4.570616e-45
4400.529000 4.591198e-45
4410.503000 4.611875e-45
4420.500000 4.632645e-45
4430.520000 4.653510e-45
4440.562000 4.674469e-45
4450.628000 4.695524e-45
4460.716000 4.716673e-45
4470.827000 4.737919e-45
4480.960000 4.759261e-45
4491.117000 4.780701e-45
4501.297000 4.802236e-45
4511.500000 4.823871e-45
4521.726000 4.845604e-45
4531.975000 4.867434e-45
4542.247000 4.889364e-45
4552.543000 4.911394e-45
4562.862000 4.933523e-45
4573.204000 4.955753e-45
4583.570000 4.978084e-45
4593.959000 5.000516e-45
4604.372000 5.023050e-45
4614.809000 5.045687e-45
4625.269000 5.068426e-45
4635.753000 5.091269e-45
4646.260000 5.114215e-45
4656.792000 5.137264e-45
4667.347000 5.160420e-45
4677.926000 5.183679e-45
4688.529000 5.207044e-45
4699.157000 5.230517e-45
4709.808000 5.254094e-45
4720.483000 5.277778e-45
4731.183000 5.301571e-45
4741.907000 5.325472e-45
4752.655000 5.349480e-45
4763.428000 5.373598e-45
4774.225000 5.397826e-45
4785.046000 5.422163e-45
4795.892000 5.446611e-45
4806.763000 5.471169e-45
4817.658000 5.495840e-45
4828.578000 5.520622e-45
4839.523000 5.545516e-45
4850.492000 5.570524e-45
4861.486000 5.595644e-45
4872.506000 5.620880e-45
4883.550000 5.646230e-45
4894.619000 5.671694e-45
4905.713000 5.697274e-45
4916.833000 5.722971e-45
4927.978000 5.748783e-45
4939.148000 5.774714e-45
4950.343000 5.800761e-45
4961.564000 5.826927e-45
4972.810000 5.853212e-45
4984.081000 5.879617e-45
4995.378000 5.906141e-45
5006.701000 5.932784e-45
5018.050000 5.959550e-45
5029.424000 5.986437e-45
5040.824000 6.013446e-45
5052.249000 6.040577e-45
5063.701000 6.067830e-45
5075.179000 6.095209e-45
5086.682000 6.122712e-45
5098.212000 6.150339e-45
5109.768000 6.178090e-45
5121.350000 6.205970e-45
5132.958000 6.233974e-45
5144.593000 6.262108e-45
5156.253000 6.290366e-45
5167.941000 6.318755e-45
5179.655000 6.347272e-45
5191.395000 6.375919e-45
5203.162000 6.404695e-45
5214.956000 6.433601e-45
5226.776000 6.462641e-45
5238.624000 6.491810e-45
5250.498000 6.521112e-45
5262.399000 6.550547e-45
5274.327000 6.580117e-45
5286.282000 6.609820e-45
5298.264000 6.639657e-45
5310.273000 6.669631e-45
5322.310000 6.699740e-45
5334.373000 6.729986e-45
5346.465000 6.760370e-45
5358.583000 6.790891e-45
5370.729000 6.821551e-45
5382.903000 6.852350e-45
5395.104000 6.883287e-45
5407.333000 6.914367e-45
5419.589000 6.945587e-45
5431.873000 6.976949e-45
5444.185000 7.008452e-45
5456.525000 7.040099e-45
5468.894000 7.071892e-45
5481.289000 7.103826e-45
5493.714000 7.135906e-45
5506.166000 7.168132e-45
5518.646000 7.200503e-45
5531.155000 7.233023e-45
5543.692000 7.265689e-45
5556.258000 7.298504e-45
5568.852000 7.331466e-45
5581.475000 7.364580e-45
5594.126000 7.397844e-45
5606.806000 7.431257e-45
5619.514000 7.464823e-45
5632.252000 7.498542e-45
5645.018000 7.532414e-45
5657.813000 7.566439e-45
5670.638000 7.600617e-45
5683.491000 7.634953e-45
5696.373000 7.669444e-45
5709.285000 7.704091e-45
5722.226000 7.738895e-45
5735.196000 7.773857e-45
5748.196000 7.808978e-45
5761.225000 7.844259e-45
5774.284000 7.879699e-45
5787.372000 7.915300e-45
5800.490000 7.951062e-45
5813.637000 7.986988e-45
5826.815000 8.023075e-45
5840.022000 8.059328e-45
5853.259000 8.095745e-45
5866.527000 8.132326e-45
5879.824000 8.169074e-45
5893.151000 8.205988e-45
5906.509000 8.243071e-45
5919.897000 8.280321e-45
5933.315000 8.317741e-45
5946.764000 8.355331e-45
5960.243000 8.393090e-45
5973.753000 8.431021e-45
5987.293000 8.469125e-45
6000.864000 8.507402e-45
6014.466000 8.545852e-45
6028.099000 8.584476e-45
6041.762000 8.623277e-45
6055.457000 8.662252e-45
6069.183000 8.701405e-45
6082.939000 8.740735e-45
6096.727000 8.780245e-45
6110.546000 8.819933e-45
6124.397000 8.859802e-45
6138.279000 8.899851e-45
6152.192000 8.940083e-45
6166.137000 8.980496e-45
6180.113000 9.021094e-45
6194.121000 9.061875e-45
6208.161000 9.102841e-45
6222.233000 9.143993e-45
6236.336000 9.185332e-45
6250.472000 9.226861e-45
6264.639000 9.268575e-45
6278.839000 9.310480e-45
6293.071000 9.352575e-45
6307.335000 9.394861e-45
6321.632000 9.437338e-45
6335.961000 9.480009e-45
6350.322000 9.522873e-45
6364.716000 9.565931e-45
6379.142000 9.609187e-45
6393.602000 9.652636e-45
6408.094000 9.696286e-45
6422.618000 9.740131e-45
6437.176000 9.784175e-45
6451.767000 9.828420e-45
6466.391000 9.872865e-45
6481.048000 9.917513e-45
6495.738000 9.962363e-45
6510.462000 1.000742e-44
6525.219000 1.005267e-44
6540.009000 1.009814e-44
6554.833000 1.014381e-44
6569.690000 1.018969e-44
6584.581000 1.023577e-44
6599.506000 1.028206e-44
6614.465000 1.032858e-44
6629.458000 1.037528e-44
6644.484000 1.042220e-44
6659.545000 1.046934e-44
6674.640000 1.051671e-44
6689.769000 1.056428e-44
6704.932000 1.061205e-44
6720.130000 1.066007e-44
6735.362000 1.070828e-44
6750.629000 1.075672e-44
6765.930000 1.080537e-44
6781.266000 1.085426e-44
6796.637000 1.090337e-44
6812.042000 1.095269e-44
6827.483000 1.100223e-44
6842.958000 1.105200e-44
6858.469000 1.110199e-44
6874.014000 1.115223e-44
6889.595000 1.120268e-44
6905.212000 1.125337e-44
6920.863000 1.130428e-44
6936.550000 1.135542e-44
6952.273000 1.140680e-44
6968.031000 1.145842e-44
6983.825000 1.151024e-44
6999.655000 1.156234e-44
7015.521000 1.161465e-44
7031.423000 1.166720e-44
7047.360000 1.171999e-44
7063.334000 1.177301e-44
7079.344000 1.182628e-44
7095.391000 1.187980e-44
7111.473000 1.193355e-44
7127.592000 1.198756e-44
7143.748000 1.204179e-44
7159.941000 1.209628e-44
7176.170000 1.215103e-44
7192.435000 1.220601e-44
7208.738000 1.226124e-44
7225.078000 1.231674e-44
7241.454000 1.237247e-44
7257.868000 1.242846e-44
7274.319000 1.248471e-44
7290.807000 1.254122e-44
7307.333000 1.259797e-44
7323.896000 1.265499e-44
7340.497000 1.271227e-44
7357.135000 1.276979e-44
7373.811000 1.282760e-44
7390.525000 1.288566e-44
7407.277000 1.294398e-44
7424.066000 1.300254e-44
7440.894000 1.306140e-44
7457.760000 1.312051e-44
7474.664000 1.317991e-44
7491.606000 1.323956e-44
7508.587000 1.329949e-44
7525.607000 1.335968e-44
7542.664000 1.342016e-44
7559.761000 1.348091e-44
7576.896000 1.354193e-44
7594.070000 1.360323e-44
7611.283000 1.366482e-44
7628.535000 1.372665e-44
7645.827000 1.378880e-44
7663.157000 1.385122e-44
7680.527000 1.391392e-44
7697.936000 1.397691e-44
7715.384000 1.404019e-44
7732.872000 1.410375e-44
7750.400000 1.416759e-44
7767.967000 1.423173e-44
7785.574000 1.429617e-44
7803.222000 1.436088e-44
7820.909000 1.442591e-44
7838.636000 1.449122e-44
7856.403000 1.455683e-44
7874.211000 1.462273e-44
7892.059000 1.468893e-44
7909.948000 1.475542e-44
7927.877000 1.482223e-44
7945.846000 1.488934e-44
7963.857000 1.495678e-44
7981.908000 1.502448e-44
8000.000000 1.509252e-44
